State Code,Area Name,Total/ Rural/Urban,Disability,Age-group,Total disabled population - Persons,Total disabled population - Males,Total disabled population - Females,Main worker - Persons,Main worker - Males,Main worker - Females,Non-worker - Persons,Non-worker - Males,Non-worker - Females
1,State - JAMMU & KASHMIR (01),Total,Total,Total,361153,204834,156319,67698,60947,6751,239621,110886,128735
1,State - JAMMU & KASHMIR (01),Total,Total,0-14,73391,40792,32599,679,452,227,70566,39183,31383
1,State - JAMMU & KASHMIR (01),Total,Total,15-59,203461,119724,83737,57237,51603,5634,104708,43141,61567
1,State - JAMMU & KASHMIR (01),Total,Total,60+,83887,44061,39826,9691,8809,882,64065,28415,35650
1,State - JAMMU & KASHMIR (01),Total,Total,Age not stated,414,257,157,91,83,8,282,147,135
1,State - JAMMU & KASHMIR (01),Total,In-Seeing,Total,66448,35656,30792,12022,10725,1297,44167,18796,25371
1,State - JAMMU & KASHMIR (01),Total,In-Seeing,0-14,13456,7317,6139,113,72,41,12861,6961,5900
1,State - JAMMU & KASHMIR (01),Total,In-Seeing,15-59,32138,17732,14406,9393,8344,1049,15684,5324,10360
1,State - JAMMU & KASHMIR (01),Total,In-Seeing,60+,20790,10568,10222,2506,2299,207,15573,6484,9089
1,State - JAMMU & KASHMIR (01),Total,In-Hearing,Total,74096,42744,31352,18937,17339,1598,44241,18929,25312
1,State - JAMMU & KASHMIR (01),Total,In-Hearing,0-14,16482,8818,7664,188,132,56,15815,8453,7362
1,State - JAMMU & KASHMIR (01),Total,In-Hearing,15-59,40826,25079,15747,16379,15059,1320,16395,5399,10996
1,State - JAMMU & KASHMIR (01),Total,In-Hearing,60+,16661,8757,7904,2328,2109,219,11960,5037,6923
1,State - JAMMU & KASHMIR (01),Total,In-Hearing,Age not stated,127,90,37,42,39,3,71,40,31
1,State - JAMMU & KASHMIR (01),Total,In-Speech,Total,18681,11351,7330,3472,3148,324,12133,6098,6035
1,State - JAMMU & KASHMIR (01),Total,In-Speech,0-14,5534,3340,2194,40,27,13,5313,3207,2106
1,State - JAMMU & KASHMIR (01),Total,In-Speech,15-59,11422,7013,4409,3116,2835,281,5690,2386,3304
1,State - JAMMU & KASHMIR (01),Total,In-Speech,60+,1700,979,721,310,280,30,1115,496,619
1,State - JAMMU & KASHMIR (01),Total,In-Movement,Total,58137,35145,22992,10570,9541,1029,38814,19545,19269
1,State - JAMMU & KASHMIR (01),Total,In-Movement,0-14,7854,4624,3230,61,38,23,7625,4499,3126
1,State - JAMMU & KASHMIR (01),Total,In-Movement,15-59,35178,21895,13283,8979,8085,894,19324,9083,10241
1,State - JAMMU & KASHMIR (01),Total,In-Movement,60+,15065,8606,6459,1523,1413,110,11833,5949,5884
1,State - JAMMU & KASHMIR (01),Total,In-Movement,Age not stated,40,20,20,7,5,2,32,14,18
1,State - JAMMU & KASHMIR (01),Total,Mental-Retardation,Total,16724,9798,6926,1998,1762,236,12744,6793,5951
1,State - JAMMU & KASHMIR (01),Total,Mental-Retardation,0-14,3857,2200,1657,28,20,8,3738,2132,1606
1,State - JAMMU & KASHMIR (01),Total,Mental-Retardation,15-59,11336,6754,4582,1781,1573,208,7841,4111,3730
1,State - JAMMU & KASHMIR (01),Total,Mental-Retardation,60+,1523,841,682,189,169,20,1160,548,612
1,State - JAMMU & KASHMIR (01),Total,Mental-Illness,Total,15669,8810,6859,2181,1948,233,10961,5432,5529
1,State - JAMMU & KASHMIR (01),Total,Mental-Illness,0-14,2247,1272,975,14,9,5,2191,1239,952
1,State - JAMMU & KASHMIR (01),Total,Mental-Illness,15-59,11187,6377,4810,1919,1719,200,7009,3409,3600
1,State - JAMMU & KASHMIR (01),Total,Mental-Illness,60+,2219,1151,1068,247,219,28,1749,777,972
1,State - JAMMU & KASHMIR (01),Total,Any-Other,Total,66957,36852,30105,14449,12833,1616,41101,17567,23534
1,State - JAMMU & KASHMIR (01),Total,Any-Other,0-14,15644,8425,7219,184,118,66,14932,8030,6902
1,State - JAMMU & KASHMIR (01),Total,Any-Other,15-59,40661,22897,17764,12678,11287,1391,18583,6364,12219
1,State - JAMMU & KASHMIR (01),Total,Any-Other,60+,10544,5462,5082,1565,1409,156,7511,3130,4381
1,State - JAMMU & KASHMIR (01),Total,Any-Other,Age not stated,108,68,40,22,19,3,75,43,32
1,State - JAMMU & KASHMIR (01),Total,Multiple-Disability,Total,44441,24478,19963,4069,3651,418,35460,17726,17734
1,State - JAMMU & KASHMIR (01),Total,Multiple-Disability,0-14,8317,4796,3521,51,36,15,8091,4662,3429
1,State - JAMMU & KASHMIR (01),Total,Multiple-Disability,15-59,20713,11977,8736,2992,2701,291,14182,7065,7117
1,State - JAMMU & KASHMIR (01),Total,Multiple-Disability,60+,15385,7697,7688,1023,911,112,13164,5994,7170
1,State - JAMMU & KASHMIR (01),Rural,Total,Total,273952,154892,119060,45454,40896,4558,182583,85570,97013
1,State - JAMMU & KASHMIR (01),Rural,Total,0-14,58663,32623,26040,494,324,170,56478,31389,25089
1,State - JAMMU & KASHMIR (01),Rural,Total,15-59,149317,87155,62162,37444,33770,3674,76522,31891,44631
1,State - JAMMU & KASHMIR (01),Rural,Total,60+,65667,34930,30737,7465,6756,709,49359,22171,27188
1,State - JAMMU & KASHMIR (01),Rural,Total,Age not stated,305,184,121,51,46,5,224,119,105
1,State - JAMMU & KASHMIR (01),Rural,In-Seeing,Total,50142,27019,23123,8124,7281,843,33286,14412,18874
1,State - JAMMU & KASHMIR (01),Rural,In-Seeing,0-14,10502,5720,4782,73,44,29,10027,5442,4585
1,State - JAMMU & KASHMIR (01),Rural,In-Seeing,15-59,23093,12785,10308,6090,5450,640,11035,3807,7228
1,State - JAMMU & KASHMIR (01),Rural,In-Seeing,60+,16496,8482,8014,1953,1779,174,12186,5141,7045
1,State - JAMMU & KASHMIR (01),Rural,In-Hearing,Total,51889,29201,22688,10786,9816,970,31942,13940,18002
1,State - JAMMU & KASHMIR (01),Rural,In-Hearing,0-14,12461,6652,5809,122,91,31,11994,6393,5601
1,State - JAMMU & KASHMIR (01),Rural,In-Hearing,15-59,26655,15664,10991,8876,8117,759,11052,3690,7362
1,State - JAMMU & KASHMIR (01),Rural,In-Hearing,60+,12687,6827,5860,1770,1592,178,8838,3823,5015
1,State - JAMMU & KASHMIR (01),Rural,In-Hearing,Age not stated,86,58,28,18,16,2,58,34,24
1,State - JAMMU & KASHMIR (01),Rural,In-Speech,Total,14872,9096,5776,2535,2301,234,9594,4908,4686
1,State - JAMMU & KASHMIR (01),Rural,In-Speech,0-14,4640,2832,1808,30,20,10,4462,2726,1736
1,State - JAMMU & KASHMIR (01),Rural,In-Speech,15-59,8887,5484,3403,2267,2067,200,4279,1807,2472
1,State - JAMMU & KASHMIR (01),Rural,In-Speech,60+,1324,764,560,233,209,24,840,367,473
1,State - JAMMU & KASHMIR (01),Rural,In-Movement,Total,47772,28978,18794,8336,7544,792,31589,15989,15600
1,State - JAMMU & KASHMIR (01),Rural,In-Movement,0-14,6793,4004,2789,53,31,22,6588,3894,2694
1,State - JAMMU & KASHMIR (01),Rural,In-Movement,15-59,28794,17907,10887,7036,6352,684,15606,7320,8286
1,State - JAMMU & KASHMIR (01),Rural,In-Movement,60+,12154,7050,5104,1244,1159,85,9368,4761,4607
1,State - JAMMU & KASHMIR (01),Rural,In-Movement,Age not stated,31,17,14,3,2,1,27,14,13
1,State - JAMMU & KASHMIR (01),Rural,Mental-Retardation,Total,12214,7121,5093,1313,1156,157,9183,4881,4302
1,State - JAMMU & KASHMIR (01),Rural,Mental-Retardation,0-14,2967,1691,1276,20,14,6,2873,1637,1236
1,State - JAMMU & KASHMIR (01),Rural,Mental-Retardation,15-59,8135,4823,3312,1172,1033,139,5470,2853,2617
1,State - JAMMU & KASHMIR (01),Rural,Mental-Retardation,60+,1108,606,502,121,109,12,837,390,447
1,State - JAMMU & KASHMIR (01),Rural,Mental-Illness,Total,11581,6447,5134,1574,1405,169,7955,3855,4100
1,State - JAMMU & KASHMIR (01),Rural,Mental-Illness,0-14,1776,993,783,11,6,5,1732,969,763
1,State - JAMMU & KASHMIR (01),Rural,Mental-Illness,15-59,8115,4577,3538,1360,1218,142,4929,2321,2608
1,State - JAMMU & KASHMIR (01),Rural,Mental-Illness,60+,1679,871,808,202,180,22,1285,560,725
1,State - JAMMU & KASHMIR (01),Rural,Any-Other,Total,49399,27069,22330,9660,8603,1057,30382,13150,17232
1,State - JAMMU & KASHMIR (01),Rural,Any-Other,0-14,12482,6687,5795,143,89,54,11960,6398,5562
1,State - JAMMU & KASHMIR (01),Rural,Any-Other,15-59,29107,16341,12766,8381,7498,883,12982,4510,8472
1,State - JAMMU & KASHMIR (01),Rural,Any-Other,60+,7731,3994,3737,1123,1005,118,5383,2211,3172
1,State - JAMMU & KASHMIR (01),Rural,Any-Other,Age not stated,79,47,32,13,11,2,57,31,26
1,State - JAMMU & KASHMIR (01),Rural,Multiple-Disability,Total,36083,19961,16122,3126,2790,336,28652,14435,14217
1,State - JAMMU & KASHMIR (01),Rural,Multiple-Disability,0-14,7042,4044,2998,42,29,13,6842,3930,2912
1,State - JAMMU & KASHMIR (01),Rural,Multiple-Disability,15-59,16531,9574,6957,2262,2035,227,11169,5583,5586
1,State - JAMMU & KASHMIR (01),Rural,Multiple-Disability,60+,12488,6336,6152,819,723,96,10622,4918,5704
1,State - JAMMU & KASHMIR (01),Urban,Total,Total,87201,49942,37259,22244,20051,2193,57038,25316,31722
1,State - JAMMU & KASHMIR (01),Urban,Total,0-14,14728,8169,6559,185,128,57,14088,7794,6294
1,State - JAMMU & KASHMIR (01),Urban,Total,15-59,54144,32569,21575,19793,17833,1960,28186,11250,16936
1,State - JAMMU & KASHMIR (01),Urban,Total,60+,18220,9131,9089,2226,2053,173,14706,6244,8462
1,State - JAMMU & KASHMIR (01),Urban,Total,Age not stated,109,73,36,40,37,3,58,28,30
1,State - JAMMU & KASHMIR (01),Urban,In-Seeing,Total,16306,8637,7669,3898,3444,454,10881,4384,6497
1,State - JAMMU & KASHMIR (01),Urban,In-Seeing,0-14,2954,1597,1357,40,28,12,2834,1519,1315
1,State - JAMMU & KASHMIR (01),Urban,In-Seeing,15-59,9045,4947,4098,3303,2894,409,4649,1517,3132
1,State - JAMMU & KASHMIR (01),Urban,In-Seeing,60+,4294,2086,2208,553,520,33,3387,1343,2044
1,State - JAMMU & KASHMIR (01),Urban,In-Hearing,Total,22207,13543,8664,8151,7523,628,12299,4989,7310
1,State - JAMMU & KASHMIR (01),Urban,In-Hearing,0-14,4021,2166,1855,66,41,25,3821,2060,1761
1,State - JAMMU & KASHMIR (01),Urban,In-Hearing,15-59,14171,9415,4756,7503,6942,561,5343,1709,3634
1,State - JAMMU & KASHMIR (01),Urban,In-Hearing,60+,3974,1930,2044,558,517,41,3122,1214,1908
1,State - JAMMU & KASHMIR (01),Urban,In-Hearing,Age not stated,41,32,9,24,23,1,13,6,7
1,State - JAMMU & KASHMIR (01),Urban,In-Speech,Total,3809,2255,1554,937,847,90,2539,1190,1349
1,State - JAMMU & KASHMIR (01),Urban,In-Speech,0-14,894,508,386,10,7,3,851,481,370
1,State - JAMMU & KASHMIR (01),Urban,In-Speech,15-59,2535,1529,1006,849,768,81,1411,579,832
1,State - JAMMU & KASHMIR (01),Urban,In-Speech,60+,376,215,161,77,71,6,275,129,146
1,State - JAMMU & KASHMIR (01),Urban,In-Movement,Total,10365,6167,4198,2234,1997,237,7225,3556,3669
1,State - JAMMU & KASHMIR (01),Urban,In-Movement,0-14,1061,620,441,8,7,1,1037,605,432
1,State - JAMMU & KASHMIR (01),Urban,In-Movement,15-59,6384,3988,2396,1943,1733,210,3718,1763,1955
1,State - JAMMU & KASHMIR (01),Urban,In-Movement,60+,2911,1556,1355,279,254,25,2465,1188,1277
1,State - JAMMU & KASHMIR (01),Urban,Mental-Retardation,Total,4510,2677,1833,685,606,79,3561,1912,1649
1,State - JAMMU & KASHMIR (01),Urban,Mental-Retardation,0-14,890,509,381,8,6,2,865,495,370
1,State - JAMMU & KASHMIR (01),Urban,Mental-Retardation,15-59,3201,1931,1270,609,540,69,2371,1258,1113
1,State - JAMMU & KASHMIR (01),Urban,Mental-Retardation,60+,415,235,180,68,60,8,323,158,165
1,State - JAMMU & KASHMIR (01),Urban,Mental-Illness,Total,4088,2363,1725,607,543,64,3006,1577,1429
1,State - JAMMU & KASHMIR (01),Urban,Mental-Illness,15-59,3072,1800,1272,559,501,58,2080,1088,992
1,State - JAMMU & KASHMIR (01),Urban,Mental-Illness,60+,540,280,260,45,39,6,464,217,247
1,State - JAMMU & KASHMIR (01),Urban,Any-Other,Total,17558,9783,7775,4789,4230,559,10719,4417,6302
1,State - JAMMU & KASHMIR (01),Urban,Any-Other,0-14,3162,1738,1424,41,29,12,2972,1632,1340
1,State - JAMMU & KASHMIR (01),Urban,Any-Other,15-59,11554,6556,4998,4297,3789,508,5601,1854,3747
1,State - JAMMU & KASHMIR (01),Urban,Any-Other,60+,2813,1468,1345,442,404,38,2128,919,1209
1,State - JAMMU & KASHMIR (01),Urban,Any-Other,Age not stated,29,21,8,9,8,1,18,12,6
1,State - JAMMU & KASHMIR (01),Urban,Multiple-Disability,Total,8358,4517,3841,943,861,82,6808,3291,3517
1,State - JAMMU & KASHMIR (01),Urban,Multiple-Disability,0-14,1275,752,523,9,7,2,1249,732,517
1,State - JAMMU & KASHMIR (01),Urban,Multiple-Disability,15-59,4182,2403,1779,730,666,64,3013,1482,1531
1,State - JAMMU & KASHMIR (01),Urban,Multiple-Disability,60+,2897,1361,1536,204,188,16,2542,1076,1466
2,State - HIMACHAL PRADESH (02),Total,Total,Total,155316,86321,68995,38519,28074,10445,86399,42590,43809
2,State - HIMACHAL PRADESH (02),Total,Total,0-14,21464,12125,9339,277,156,121,19932,11289,8643
2,State - HIMACHAL PRADESH (02),Total,Total,15-59,84847,49932,34915,30817,22671,8146,33679,16776,16903
2,State - HIMACHAL PRADESH (02),Total,Total,60+,48776,24148,24628,7377,5211,2166,32640,14464,18176
2,State - HIMACHAL PRADESH (02),Total,Total,Age not stated,229,116,113,48,36,12,148,61,87
2,State - HIMACHAL PRADESH (02),Total,In-Seeing,Total,26076,13382,12694,6645,4694,1951,14016,6086,7930
2,State - HIMACHAL PRADESH (02),Total,In-Seeing,0-14,3031,1703,1328,28,20,8,2784,1565,1219
2,State - HIMACHAL PRADESH (02),Total,In-Seeing,15-59,11368,6318,5050,4777,3412,1365,3691,1488,2203
2,State - HIMACHAL PRADESH (02),Total,In-Seeing,60+,11647,5346,6301,1831,1256,575,7525,3027,4498
2,State - HIMACHAL PRADESH (02),Total,In-Seeing,Age not stated,30,15,15,9,6,3,16,6,10
2,State - HIMACHAL PRADESH (02),Total,In-Hearing,Total,26700,14243,12457,7733,5698,2035,13051,5668,7383
2,State - HIMACHAL PRADESH (02),Total,In-Hearing,0-14,3237,1700,1537,62,32,30,2933,1547,1386
2,State - HIMACHAL PRADESH (02),Total,In-Hearing,15-59,12689,7078,5611,5754,4259,1495,3546,1289,2257
2,State - HIMACHAL PRADESH (02),Total,In-Hearing,60+,10740,5448,5292,1913,1403,510,6548,2823,3725
2,State - HIMACHAL PRADESH (02),Total,In-Speech,Total,8278,4879,3399,2289,1666,623,4302,2298,2004
2,State - HIMACHAL PRADESH (02),Total,In-Speech,0-14,1839,1094,745,29,20,9,1688,993,695
2,State - HIMACHAL PRADESH (02),Total,In-Speech,15-59,5116,3017,2099,1957,1440,517,1863,905,958
2,State - HIMACHAL PRADESH (02),Total,In-Speech,60+,1311,764,547,301,205,96,743,398,345
2,State - HIMACHAL PRADESH (02),Total,In-Speech,Age not stated,12,4,8,2,1,1,8,2,6
2,State - HIMACHAL PRADESH (02),Total,In-Movement,Total,32550,19447,13103,8463,6549,1914,18015,9391,8624
2,State - HIMACHAL PRADESH (02),Total,In-Movement,0-14,2255,1404,851,20,15,5,2094,1310,784
2,State - HIMACHAL PRADESH (02),Total,In-Movement,15-59,18891,12194,6697,7115,5561,1554,7584,4125,3459
2,State - HIMACHAL PRADESH (02),Total,In-Movement,60+,11370,5829,5541,1317,963,354,8317,3948,4369
2,State - HIMACHAL PRADESH (02),Total,In-Movement,Age not stated,34,20,14,11,10,1,20,8,12
2,State - HIMACHAL PRADESH (02),Total,Mental-Retardation,Total,8986,5310,3676,1218,907,311,6153,3501,2652
2,State - HIMACHAL PRADESH (02),Total,Mental-Retardation,0-14,1918,1088,830,15,6,9,1810,1034,776
2,State - HIMACHAL PRADESH (02),Total,Mental-Retardation,15-59,6390,3857,2533,1095,821,274,3893,2247,1646
2,State - HIMACHAL PRADESH (02),Total,Mental-Retardation,60+,668,361,307,106,79,27,443,218,225
2,State - HIMACHAL PRADESH (02),Total,Mental-Retardation,Age not stated,10,4,6,2,1,1,7,2,5
2,State - HIMACHAL PRADESH (02),Total,Mental-Illness,Total,5166,3030,2136,663,489,174,3572,2021,1551
2,State - HIMACHAL PRADESH (02),Total,Mental-Illness,15-59,3963,2396,1567,587,432,155,2556,1503,1053
2,State - HIMACHAL PRADESH (02),Total,Mental-Illness,60+,751,389,362,75,56,19,578,281,297
2,State - HIMACHAL PRADESH (02),Total,Any-Other,Total,29024,15964,13060,9429,6624,2805,12950,6158,6792
2,State - HIMACHAL PRADESH (02),Total,Any-Other,0-14,5769,3145,2624,97,47,50,5317,2903,2414
2,State - HIMACHAL PRADESH (02),Total,Any-Other,15-59,18675,10445,8230,8152,5774,2378,5304,2187,3117
2,State - HIMACHAL PRADESH (02),Total,Any-Other,60+,4493,2331,2162,1163,792,371,2273,1042,1231
2,State - HIMACHAL PRADESH (02),Total,Any-Other,Age not stated,87,43,44,17,11,6,56,26,30
2,State - HIMACHAL PRADESH (02),Total,Multiple-Disability,Total,18536,10066,8470,2079,1447,632,14340,7467,6873
2,State - HIMACHAL PRADESH (02),Total,Multiple-Disability,0-14,2969,1749,1220,25,15,10,2873,1702,1171
2,State - HIMACHAL PRADESH (02),Total,Multiple-Disability,15-59,7755,4627,3128,1380,972,408,5242,3032,2210
2,State - HIMACHAL PRADESH (02),Total,Multiple-Disability,60+,7796,3680,4116,671,457,214,6213,2727,3486
2,State - HIMACHAL PRADESH (02),Rural,Total,Total,142665,78963,63702,34735,24978,9757,78159,38766,39393
2,State - HIMACHAL PRADESH (02),Rural,Total,0-14,19423,10963,8460,254,140,114,17930,10152,7778
2,State - HIMACHAL PRADESH (02),Rural,Total,15-59,76645,44981,31664,27389,19866,7523,29420,14990,14430
2,State - HIMACHAL PRADESH (02),Rural,Total,60+,46377,22907,23470,7047,4939,2108,30667,13564,17103
2,State - HIMACHAL PRADESH (02),Rural,Total,Age not stated,220,112,108,45,33,12,142,60,82
2,State - HIMACHAL PRADESH (02),Rural,In-Seeing,Total,24140,12291,11849,6046,4223,1823,12804,5550,7254
2,State - HIMACHAL PRADESH (02),Rural,In-Seeing,0-14,2739,1530,1209,23,15,8,2499,1398,1101
2,State - HIMACHAL PRADESH (02),Rural,In-Seeing,15-59,10182,5621,4561,4245,2992,1253,3137,1279,1858
2,State - HIMACHAL PRADESH (02),Rural,In-Seeing,60+,11191,5126,6065,1770,1211,559,7153,2867,4286
2,State - HIMACHAL PRADESH (02),Rural,In-Seeing,Age not stated,28,14,14,8,5,3,15,6,9
2,State - HIMACHAL PRADESH (02),Rural,In-Hearing,Total,23939,12653,11286,6707,4820,1887,11416,5023,6393
2,State - HIMACHAL PRADESH (02),Rural,In-Hearing,0-14,2767,1449,1318,53,27,26,2478,1304,1174
2,State - HIMACHAL PRADESH (02),Rural,In-Hearing,15-59,10965,6027,4938,4820,3456,1364,2822,1084,1738
2,State - HIMACHAL PRADESH (02),Rural,In-Hearing,60+,10175,5162,5013,1831,1334,497,6093,2627,3466
2,State - HIMACHAL PRADESH (02),Rural,In-Speech,Total,7548,4463,3085,2090,1490,600,3801,2075,1726
2,State - HIMACHAL PRADESH (02),Rural,In-Speech,0-14,1683,1027,656,28,19,9,1533,927,606
2,State - HIMACHAL PRADESH (02),Rural,In-Speech,15-59,4617,2720,1897,1770,1275,495,1577,789,788
2,State - HIMACHAL PRADESH (02),Rural,In-Speech,60+,1236,712,524,290,195,95,683,357,326
2,State - HIMACHAL PRADESH (02),Rural,In-Speech,Age not stated,12,4,8,2,1,1,8,2,6
2,State - HIMACHAL PRADESH (02),Rural,In-Movement,Total,30427,18140,12287,7739,5952,1787,16718,8765,7953
2,State - HIMACHAL PRADESH (02),Rural,In-Movement,0-14,2115,1316,799,20,15,5,1955,1223,732
2,State - HIMACHAL PRADESH (02),Rural,In-Movement,15-59,17530,11291,6239,6453,5022,1431,6974,3832,3142
2,State - HIMACHAL PRADESH (02),Rural,In-Movement,60+,10749,5513,5236,1255,905,350,7770,3702,4068
2,State - HIMACHAL PRADESH (02),Rural,In-Movement,Age not stated,33,20,13,11,10,1,19,8,11
2,State - HIMACHAL PRADESH (02),Rural,Mental-Retardation,Total,8127,4809,3318,1085,795,290,5456,3128,2328
2,State - HIMACHAL PRADESH (02),Rural,Mental-Retardation,0-14,1724,976,748,13,6,7,1620,924,696
2,State - HIMACHAL PRADESH (02),Rural,Mental-Retardation,15-59,5784,3499,2285,971,715,256,3436,2009,1427
2,State - HIMACHAL PRADESH (02),Rural,Mental-Retardation,60+,610,330,280,99,73,26,394,193,201
2,State - HIMACHAL PRADESH (02),Rural,Mental-Retardation,Age not stated,9,4,5,2,1,1,6,2,4
2,State - HIMACHAL PRADESH (02),Rural,Mental-Illness,Total,4764,2769,1995,624,457,167,3227,1808,1419
2,State - HIMACHAL PRADESH (02),Rural,Mental-Illness,15-59,3677,2207,1470,555,406,149,2318,1354,964
2,State - HIMACHAL PRADESH (02),Rural,Mental-Illness,60+,680,340,340,68,50,18,516,240,276
2,State - HIMACHAL PRADESH (02),Rural,Any-Other,Total,26252,14430,11822,8495,5901,2594,11309,5480,5829
2,State - HIMACHAL PRADESH (02),Rural,Any-Other,0-14,5259,2860,2399,92,43,49,4817,2624,2193
2,State - HIMACHAL PRADESH (02),Rural,Any-Other,15-59,16717,9355,7362,7302,5115,2187,4371,1876,2495
2,State - HIMACHAL PRADESH (02),Rural,Any-Other,60+,4190,2173,2017,1085,733,352,2065,954,1111
2,State - HIMACHAL PRADESH (02),Rural,Any-Other,Age not stated,86,42,44,16,10,6,56,26,30
2,State - HIMACHAL PRADESH (02),Rural,Multiple-Disability,Total,17468,9408,8060,1949,1340,609,13428,6937,6491
2,State - HIMACHAL PRADESH (02),Rural,Multiple-Disability,0-14,2734,1586,1148,24,14,10,2639,1540,1099
2,State - HIMACHAL PRADESH (02),Rural,Multiple-Disability,15-59,7173,4261,2912,1273,885,388,4785,2767,2018
2,State - HIMACHAL PRADESH (02),Rural,Multiple-Disability,60+,7546,3551,3995,649,438,211,5993,2624,3369
2,State - HIMACHAL PRADESH (02),Urban,Total,Total,12651,7358,5293,3784,3096,688,8240,3824,4416
2,State - HIMACHAL PRADESH (02),Urban,Total,0-14,2041,1162,879,23,16,7,2002,1137,865
2,State - HIMACHAL PRADESH (02),Urban,Total,15-59,8202,4951,3251,3428,2805,623,4259,1786,2473
2,State - HIMACHAL PRADESH (02),Urban,Total,60+,2399,1241,1158,330,272,58,1973,900,1073
2,State - HIMACHAL PRADESH (02),Urban,In-Seeing,Total,1936,1091,845,599,471,128,1212,536,676
2,State - HIMACHAL PRADESH (02),Urban,In-Seeing,15-59,1186,697,489,532,420,112,554,209,345
2,State - HIMACHAL PRADESH (02),Urban,In-Seeing,60+,456,220,236,61,45,16,372,160,212
2,State - HIMACHAL PRADESH (02),Urban,In-Hearing,Total,2761,1590,1171,1026,878,148,1635,645,990
2,State - HIMACHAL PRADESH (02),Urban,In-Hearing,0-14,470,251,219,9,5,4,455,243,212
2,State - HIMACHAL PRADESH (02),Urban,In-Hearing,15-59,1724,1051,673,934,803,131,724,205,519
2,State - HIMACHAL PRADESH (02),Urban,In-Hearing,60+,565,286,279,82,69,13,455,196,259
2,State - HIMACHAL PRADESH (02),Urban,In-Speech,Total,730,416,314,199,176,23,501,223,278
2,State - HIMACHAL PRADESH (02),Urban,In-Speech,15-59,499,297,202,187,165,22,286,116,170
2,State - HIMACHAL PRADESH (02),Urban,In-Speech,60+,75,52,23,11,10,1,60,41,19
2,State - HIMACHAL PRADESH (02),Urban,In-Movement,Total,2123,1307,816,724,597,127,1297,626,671
2,State - HIMACHAL PRADESH (02),Urban,In-Movement,15-59,1361,903,458,662,539,123,610,293,317
2,State - HIMACHAL PRADESH (02),Urban,In-Movement,60+,621,316,305,62,58,4,547,246,301
2,State - HIMACHAL PRADESH (02),Urban,Mental-Retardation,Total,859,501,358,133,112,21,697,373,324
2,State - HIMACHAL PRADESH (02),Urban,Mental-Retardation,15-59,606,358,248,124,106,18,457,238,219
2,State - HIMACHAL PRADESH (02),Urban,Mental-Retardation,60+,58,31,27,7,6,1,49,25,24
2,State - HIMACHAL PRADESH (02),Urban,Mental-Illness,Total,402,261,141,39,32,7,345,213,132
2,State - HIMACHAL PRADESH (02),Urban,Mental-Illness,15-59,286,189,97,32,26,6,238,149,89
2,State - HIMACHAL PRADESH (02),Urban,Mental-Illness,60+,71,49,22,7,6,1,62,41,21
2,State - HIMACHAL PRADESH (02),Urban,Any-Other,Total,2772,1534,1238,934,723,211,1641,678,963
2,State - HIMACHAL PRADESH (02),Urban,Any-Other,0-14,510,285,225,5,4,1,500,279,221
2,State - HIMACHAL PRADESH (02),Urban,Any-Other,15-59,1958,1090,868,850,659,191,933,311,622
2,State - HIMACHAL PRADESH (02),Urban,Any-Other,60+,303,158,145,78,59,19,208,88,120
2,State - HIMACHAL PRADESH (02),Urban,Multiple-Disability,Total,1068,658,410,130,107,23,912,530,382
2,State - HIMACHAL PRADESH (02),Urban,Multiple-Disability,15-59,582,366,216,107,87,20,457,265,192
2,State - HIMACHAL PRADESH (02),Urban,Multiple-Disability,60+,250,129,121,22,19,3,220,103,117
3,State - PUNJAB (03),Total,Total,Total,654063,379551,274512,176423,151537,24886,437743,202928,234815
3,State - PUNJAB (03),Total,Total,0-14,116426,66941,49485,2213,1519,694,111668,63989,47679
3,State - PUNJAB (03),Total,Total,15-59,414826,245691,169135,151251,129892,21359,231516,95498,136018
3,State - PUNJAB (03),Total,Total,60+,121552,66229,55323,22669,19891,2778,93660,43034,50626
3,State - PUNJAB (03),Total,Total,Age not stated,1259,690,569,290,235,55,899,407,492
3,State - PUNJAB (03),Total,In-Seeing,Total,82199,44811,37388,21544,18446,3098,55688,23450,32238
3,State - PUNJAB (03),Total,In-Seeing,0-14,14164,7929,6235,267,196,71,13609,7570,6039
3,State - PUNJAB (03),Total,In-Seeing,15-59,42692,23947,18745,17124,14597,2527,21953,7248,14705
3,State - PUNJAB (03),Total,In-Seeing,60+,25164,12839,12325,4114,3620,494,19995,8572,11423
3,State - PUNJAB (03),Total,In-Seeing,Age not stated,179,96,83,39,33,6,131,60,71
3,State - PUNJAB (03),Total,In-Hearing,Total,146696,78761,67935,44111,36906,7205,92576,36111,56465
3,State - PUNJAB (03),Total,In-Hearing,0-14,31131,17023,14108,807,518,289,29445,16026,13419
3,State - PUNJAB (03),Total,In-Hearing,15-59,88807,48133,40674,37294,31240,6054,43810,12478,31332
3,State - PUNJAB (03),Total,In-Hearing,60+,26451,13440,13011,5931,5086,845,19112,7517,11595
3,State - PUNJAB (03),Total,In-Hearing,Age not stated,307,165,142,79,62,17,209,90,119
3,State - PUNJAB (03),Total,In-Speech,Total,24549,14297,10252,6000,5224,776,17290,8255,9035
3,State - PUNJAB (03),Total,In-Speech,0-14,5893,3617,2276,95,64,31,5702,3498,2204
3,State - PUNJAB (03),Total,In-Speech,15-59,15632,9033,6599,5239,4571,668,9353,3777,5576
3,State - PUNJAB (03),Total,In-Speech,60+,2990,1631,1359,657,582,75,2213,972,1241
3,State - PUNJAB (03),Total,In-Speech,Age not stated,34,16,18,9,7,2,22,8,14
3,State - PUNJAB (03),Total,In-Movement,Total,130044,81534,48510,39221,34296,4925,83286,41798,41488
3,State - PUNJAB (03),Total,In-Movement,0-14,10426,6542,3884,144,119,25,10159,6343,3816
3,State - PUNJAB (03),Total,In-Movement,15-59,92259,59032,33227,35265,30707,4558,50373,23527,26846
3,State - PUNJAB (03),Total,In-Movement,60+,27183,15845,11338,3761,3426,335,22643,11868,10775
3,State - PUNJAB (03),Total,In-Movement,Age not stated,176,115,61,51,44,7,111,60,51
3,State - PUNJAB (03),Total,Mental-Retardation,Total,45070,27332,17738,5877,5120,757,37580,21099,16481
3,State - PUNJAB (03),Total,Mental-Retardation,0-14,9780,5882,3898,107,85,22,9584,5755,3829
3,State - PUNJAB (03),Total,Mental-Retardation,15-59,31912,19591,12321,5221,4550,671,25312,14064,11248
3,State - PUNJAB (03),Total,Mental-Retardation,60+,3319,1825,1494,538,476,62,2636,1255,1381
3,State - PUNJAB (03),Total,Mental-Retardation,Age not stated,59,34,25,11,9,2,48,25,23
3,State - PUNJAB (03),Total,Mental-Illness,Total,21925,13581,8344,2594,2288,306,18357,10568,7789
3,State - PUNJAB (03),Total,Mental-Illness,0-14,2170,1361,809,21,16,5,2124,1326,798
3,State - PUNJAB (03),Total,Mental-Illness,15-59,15634,9922,5712,2201,1953,248,12602,7348,5254
3,State - PUNJAB (03),Total,Mental-Illness,60+,4086,2281,1805,369,316,53,3604,1883,1721
3,State - PUNJAB (03),Total,Any-Other,Total,165607,96325,69282,53007,45728,7279,100139,43011,57128
3,State - PUNJAB (03),Total,Any-Other,0-14,33711,18832,14879,687,462,225,32039,17811,14228
3,State - PUNJAB (03),Total,Any-Other,15-59,107933,63424,44509,45656,39430,6226,52231,17880,34351
3,State - PUNJAB (03),Total,Any-Other,60+,23538,13848,9690,6571,5762,809,15557,7190,8367
3,State - PUNJAB (03),Total,Any-Other,Age not stated,425,221,204,93,74,19,312,130,182
3,State - PUNJAB (03),Total,Multiple-Disability,Total,37973,22910,15063,4069,3529,540,32827,18636,14191
3,State - PUNJAB (03),Total,Multiple-Disability,0-14,9151,5755,3396,85,59,26,9006,5660,3346
3,State - PUNJAB (03),Total,Multiple-Disability,15-59,19957,12609,7348,3251,2844,407,15882,9176,6706
3,State - PUNJAB (03),Total,Multiple-Disability,60+,8821,4520,4301,728,623,105,7900,3777,4123
3,State - PUNJAB (03),Total,Multiple-Disability,Age not stated,44,26,18,5,3,2,39,23,16
3,State - PUNJAB (03),Rural,Total,Total,430313,251289,179024,111861,96863,14998,289921,136521,153400
3,State - PUNJAB (03),Rural,Total,0-14,75192,43615,31577,1286,883,403,72476,41903,30573
3,State - PUNJAB (03),Rural,Total,15-59,265820,159224,106596,94149,81582,12567,148617,63089,85528
3,State - PUNJAB (03),Rural,Total,60+,88420,47960,40460,16222,14232,1990,68196,31237,36959
3,State - PUNJAB (03),Rural,Total,Age not stated,881,490,391,204,166,38,632,292,340
3,State - PUNJAB (03),Rural,In-Seeing,Total,55165,29839,25326,13438,11550,1888,38008,16129,21879
3,State - PUNJAB (03),Rural,In-Seeing,0-14,8995,5030,3965,155,111,44,8664,4816,3848
3,State - PUNJAB (03),Rural,In-Seeing,15-59,26500,14888,11612,10251,8783,1468,13604,4587,9017
3,State - PUNJAB (03),Rural,In-Seeing,60+,19547,9859,9688,3006,2634,372,15646,6688,8958
3,State - PUNJAB (03),Rural,In-Seeing,Age not stated,123,62,61,26,22,4,94,38,56
3,State - PUNJAB (03),Rural,In-Hearing,Total,83735,44782,38953,24040,20198,3842,53571,21122,32449
3,State - PUNJAB (03),Rural,In-Hearing,0-14,17650,9779,7871,406,261,145,16835,9276,7559
3,State - PUNJAB (03),Rural,In-Hearing,15-59,47859,25828,22031,19611,16483,3128,23508,6680,16828
3,State - PUNJAB (03),Rural,In-Hearing,60+,18030,9071,8959,3971,3414,557,13098,5111,7987
3,State - PUNJAB (03),Rural,In-Hearing,Age not stated,196,104,92,52,40,12,130,55,75
3,State - PUNJAB (03),Rural,In-Speech,Total,16018,9296,6722,3628,3185,443,11461,5518,5943
3,State - PUNJAB (03),Rural,In-Speech,0-14,4098,2522,1576,50,34,16,3987,2451,1536
3,State - PUNJAB (03),Rural,In-Speech,15-59,9863,5674,4189,3120,2747,373,5971,2431,3540
3,State - PUNJAB (03),Rural,In-Speech,60+,2035,1088,947,452,399,53,1489,630,859
3,State - PUNJAB (03),Rural,In-Speech,Age not stated,22,12,10,6,5,1,14,6,8
3,State - PUNJAB (03),Rural,In-Movement,Total,94776,59803,34973,27786,24498,3288,60843,30921,29922
3,State - PUNJAB (03),Rural,In-Movement,0-14,7551,4741,2810,103,83,20,7352,4593,2759
3,State - PUNJAB (03),Rural,In-Movement,15-59,67140,43329,23811,24870,21874,2996,36838,17567,19271
3,State - PUNJAB (03),Rural,In-Movement,60+,19942,11638,8304,2771,2504,267,16563,8712,7851
3,State - PUNJAB (03),Rural,In-Movement,Age not stated,143,95,48,42,37,5,90,49,41
3,State - PUNJAB (03),Rural,Mental-Retardation,Total,29943,18216,11727,3738,3281,457,25008,14117,10891
3,State - PUNJAB (03),Rural,Mental-Retardation,0-14,6748,4087,2661,84,67,17,6606,3993,2613
3,State - PUNJAB (03),Rural,Mental-Retardation,15-59,20875,12854,8021,3264,2868,396,16578,9261,7317
3,State - PUNJAB (03),Rural,Mental-Retardation,60+,2275,1248,1027,381,339,42,1788,843,945
3,State - PUNJAB (03),Rural,Mental-Retardation,Age not stated,45,27,18,9,7,2,36,20,16
3,State - PUNJAB (03),Rural,Mental-Illness,Total,15150,9364,5786,1803,1584,219,12592,7227,5365
3,State - PUNJAB (03),Rural,Mental-Illness,0-14,1498,948,550,16,12,4,1466,924,542
3,State - PUNJAB (03),Rural,Mental-Illness,15-59,10576,6693,3883,1500,1326,174,8435,4896,3539
3,State - PUNJAB (03),Rural,Mental-Illness,60+,3050,1710,1340,284,243,41,2673,1400,1273
3,State - PUNJAB (03),Rural,Any-Other,Total,108907,63931,44976,34872,30364,4508,65182,28182,37000
3,State - PUNJAB (03),Rural,Any-Other,0-14,22081,12312,9769,414,275,139,21087,11711,9376
3,State - PUNJAB (03),Rural,Any-Other,15-59,69647,41431,28216,29552,25768,3784,32922,11310,21612
3,State - PUNJAB (03),Rural,Any-Other,60+,16883,10029,6854,4845,4272,573,10948,5059,5889
3,State - PUNJAB (03),Rural,Any-Other,Age not stated,296,159,137,61,49,12,225,102,123
3,State - PUNJAB (03),Rural,Multiple-Disability,Total,26619,16058,10561,2556,2203,353,23256,13305,9951
3,State - PUNJAB (03),Rural,Multiple-Disability,0-14,6571,4196,2375,58,40,18,6479,4139,2340
3,State - PUNJAB (03),Rural,Multiple-Disability,15-59,13360,8527,4833,1981,1733,248,10761,6357,4404
3,State - PUNJAB (03),Rural,Multiple-Disability,60+,6658,3317,3341,512,427,85,5991,2794,3197
3,State - PUNJAB (03),Rural,Multiple-Disability,Age not stated,30,18,12,5,3,2,25,15,10
3,State - PUNJAB (03),Urban,Total,Total,223750,128262,95488,64562,54674,9888,147822,66407,81415
3,State - PUNJAB (03),Urban,Total,0-14,41234,23326,17908,927,636,291,39192,22086,17106
3,State - PUNJAB (03),Urban,Total,15-59,149006,86467,62539,57102,48310,8792,82899,32409,50490
3,State - PUNJAB (03),Urban,Total,60+,33132,18269,14863,6447,5659,788,25464,11797,13667
3,State - PUNJAB (03),Urban,Total,Age not stated,378,200,178,86,69,17,267,115,152
3,State - PUNJAB (03),Urban,In-Seeing,Total,27034,14972,12062,8106,6896,1210,17680,7321,10359
3,State - PUNJAB (03),Urban,In-Seeing,0-14,5169,2899,2270,112,85,27,4945,2754,2191
3,State - PUNJAB (03),Urban,In-Seeing,15-59,16192,9059,7133,6873,5814,1059,8349,2661,5688
3,State - PUNJAB (03),Urban,In-Seeing,60+,5617,2980,2637,1108,986,122,4349,1884,2465
3,State - PUNJAB (03),Urban,In-Seeing,Age not stated,56,34,22,13,11,2,37,22,15
3,State - PUNJAB (03),Urban,In-Hearing,Total,62961,33979,28982,20071,16708,3363,39005,14989,24016
3,State - PUNJAB (03),Urban,In-Hearing,0-14,13481,7244,6237,401,257,144,12610,6750,5860
3,State - PUNJAB (03),Urban,In-Hearing,15-59,40948,22305,18643,17683,14757,2926,20302,5798,14504
3,State - PUNJAB (03),Urban,In-Hearing,60+,8421,4369,4052,1960,1672,288,6014,2406,3608
3,State - PUNJAB (03),Urban,In-Hearing,Age not stated,111,61,50,27,22,5,79,35,44
3,State - PUNJAB (03),Urban,In-Speech,Total,8531,5001,3530,2372,2039,333,5829,2737,3092
3,State - PUNJAB (03),Urban,In-Speech,0-14,1795,1095,700,45,30,15,1715,1047,668
3,State - PUNJAB (03),Urban,In-Speech,15-59,5769,3359,2410,2119,1824,295,3382,1346,2036
3,State - PUNJAB (03),Urban,In-Speech,60+,955,543,412,205,183,22,724,342,382
3,State - PUNJAB (03),Urban,In-Speech,Age not stated,12,4,8,3,2,1,8,2,6
3,State - PUNJAB (03),Urban,In-Movement,Total,35268,21731,13537,11435,9798,1637,22443,10877,11566
3,State - PUNJAB (03),Urban,In-Movement,0-14,2875,1801,1074,41,36,5,2807,1750,1057
3,State - PUNJAB (03),Urban,In-Movement,15-59,25119,15703,9416,10395,8833,1562,13535,5960,7575
3,State - PUNJAB (03),Urban,In-Movement,60+,7241,4207,3034,990,922,68,6080,3156,2924
3,State - PUNJAB (03),Urban,In-Movement,Age not stated,33,20,13,9,7,2,21,11,10
3,State - PUNJAB (03),Urban,Mental-Retardation,Total,15127,9116,6011,2139,1839,300,12572,6982,5590
3,State - PUNJAB (03),Urban,Mental-Retardation,0-14,3032,1795,1237,23,18,5,2978,1762,1216
3,State - PUNJAB (03),Urban,Mental-Retardation,15-59,11037,6737,4300,1957,1682,275,8734,4803,3931
3,State - PUNJAB (03),Urban,Mental-Retardation,60+,1044,577,467,157,137,20,848,412,436
3,State - PUNJAB (03),Urban,Mental-Illness,Total,6775,4217,2558,791,704,87,5765,3341,2424
3,State - PUNJAB (03),Urban,Mental-Illness,0-14,672,413,259,5,4,1,658,402,256
3,State - PUNJAB (03),Urban,Mental-Illness,15-59,5058,3229,1829,701,627,74,4167,2452,1715
3,State - PUNJAB (03),Urban,Mental-Illness,60+,1036,571,465,85,73,12,931,483,448
3,State - PUNJAB (03),Urban,Any-Other,Total,56700,32394,24306,18135,15364,2771,34957,14829,20128
3,State - PUNJAB (03),Urban,Any-Other,0-14,11630,6520,5110,273,187,86,10952,6100,4852
3,State - PUNJAB (03),Urban,Any-Other,15-59,38286,21993,16293,16104,13662,2442,19309,6570,12739
3,State - PUNJAB (03),Urban,Any-Other,60+,6655,3819,2836,1726,1490,236,4609,2131,2478
3,State - PUNJAB (03),Urban,Any-Other,Age not stated,129,62,67,32,25,7,87,28,59
3,State - PUNJAB (03),Urban,Multiple-Disability,Total,11354,6852,4502,1513,1326,187,9571,5331,4240
3,State - PUNJAB (03),Urban,Multiple-Disability,0-14,2580,1559,1021,27,19,8,2527,1521,1006
3,State - PUNJAB (03),Urban,Multiple-Disability,15-59,6597,4082,2515,1270,1111,159,5121,2819,2302
3,State - PUNJAB (03),Urban,Multiple-Disability,60+,2163,1203,960,216,196,20,1909,983,926
4,State - CHANDIGARH (04),Total,Total,Total,14796,8743,6053,4296,3644,652,10155,4858,5297
4,State - CHANDIGARH (04),Total,Total,0-14,2714,1563,1151,37,23,14,2660,1529,1131
4,State - CHANDIGARH (04),Total,Total,15-59,9667,5911,3756,3961,3361,600,5411,2343,3068
4,State - CHANDIGARH (04),Total,Total,60+,2403,1263,1140,296,260,36,2076,981,1095
4,State - CHANDIGARH (04),Total,In-Seeing,Total,1774,1078,696,569,490,79,1166,564,602
4,State - CHANDIGARH (04),Total,In-Seeing,0-14,336,206,130,3,2,1,333,204,129
4,State - CHANDIGARH (04),Total,In-Seeing,15-59,1047,664,383,506,435,71,507,207,300
4,State - CHANDIGARH (04),Total,In-Seeing,60+,389,206,183,60,53,7,324,151,173
4,State - CHANDIGARH (04),Total,In-Hearing,Total,2475,1268,1207,782,663,119,1600,548,1052
4,State - CHANDIGARH (04),Total,In-Hearing,0-14,456,216,240,6,5,1,442,205,237
4,State - CHANDIGARH (04),Total,In-Hearing,15-59,1574,818,756,721,612,109,777,163,614
4,State - CHANDIGARH (04),Total,In-Hearing,60+,442,233,209,54,46,8,381,180,201
4,State - CHANDIGARH (04),Total,In-Speech,Total,961,562,399,313,262,51,629,288,341
4,State - CHANDIGARH (04),Total,In-Speech,0-14,229,142,87,6,4,2,223,138,85
4,State - CHANDIGARH (04),Total,In-Speech,15-59,643,372,271,290,245,45,336,116,220
4,State - CHANDIGARH (04),Total,In-Speech,60+,89,48,41,17,13,4,70,34,36
4,State - CHANDIGARH (04),Total,In-Movement,Total,3815,2378,1437,1431,1211,220,2308,1108,1200
4,State - CHANDIGARH (04),Total,In-Movement,0-14,388,238,150,6,2,4,380,235,145
4,State - CHANDIGARH (04),Total,In-Movement,15-59,2603,1718,885,1343,1137,206,1193,529,664
4,State - CHANDIGARH (04),Total,In-Movement,60+,824,422,402,82,72,10,735,344,391
4,State - CHANDIGARH (04),Total,Mental-Retardation,Total,1090,683,407,97,79,18,988,601,387
4,State - CHANDIGARH (04),Total,Mental-Retardation,0-14,292,171,121,4,3,1,288,168,120
4,State - CHANDIGARH (04),Total,Mental-Retardation,15-59,765,492,273,87,71,16,673,418,255
4,State - CHANDIGARH (04),Total,Mental-Retardation,60+,33,20,13,6,5,1,27,15,12
4,State - CHANDIGARH (04),Total,Mental-Illness,Total,756,445,311,99,84,15,641,346,295
4,State - CHANDIGARH (04),Total,Mental-Illness,0-14,122,71,51,2,1,1,120,70,50
4,State - CHANDIGARH (04),Total,Mental-Illness,15-59,561,335,226,91,78,13,455,243,212
4,State - CHANDIGARH (04),Total,Mental-Illness,60+,73,39,34,6,5,1,66,33,33
4,State - CHANDIGARH (04),Total,Any-Other,Total,2583,1554,1029,825,705,120,1681,794,887
4,State - CHANDIGARH (04),Total,Any-Other,0-14,543,307,236,7,5,2,530,299,231
4,State - CHANDIGARH (04),Total,Any-Other,15-59,1748,1089,659,768,655,113,914,384,530
4,State - CHANDIGARH (04),Total,Any-Other,60+,285,155,130,49,45,4,231,108,123
4,State - CHANDIGARH (04),Total,Multiple-Disability,Total,1342,775,567,180,150,30,1142,609,533
4,State - CHANDIGARH (04),Total,Multiple-Disability,0-14,348,212,136,3,1,2,344,210,134
4,State - CHANDIGARH (04),Total,Multiple-Disability,15-59,726,423,303,155,128,27,556,283,273
4,State - CHANDIGARH (04),Total,Multiple-Disability,60+,268,140,128,22,21,1,242,116,126
4,State - CHANDIGARH (04),Rural,Total,Total,346,212,134,114,104,10,220,102,118
4,State - CHANDIGARH (04),Rural,Total,15-59,229,142,87,106,98,8,111,38,73
4,State - CHANDIGARH (04),Rural,Total,60+,38,24,14,6,4,2,32,20,12
4,State - CHANDIGARH (04),Rural,In-Seeing,Total,31,14,17,9,7,2,22,7,15
4,State - CHANDIGARH (04),Rural,In-Seeing,15-59,17,7,10,8,6,2,9,1,8
4,State - CHANDIGARH (04),Rural,In-Hearing,Total,32,25,7,15,13,2,15,10,5
4,State - CHANDIGARH (04),Rural,In-Hearing,15-59,19,16,3,13,12,1,4,2,2
4,State - CHANDIGARH (04),Rural,In-Hearing,60+,8,6,2,2,1,1,6,5,1
4,State - CHANDIGARH (04),Rural,In-Speech,Total,49,26,23,20,19,1,28,7,21
4,State - CHANDIGARH (04),Rural,In-Speech,15-59,35,20,15,20,19,1,14,1,13
4,State - CHANDIGARH (04),Rural,In-Movement,Total,129,85,44,52,47,5,71,35,36
4,State - CHANDIGARH (04),Rural,In-Movement,15-59,95,62,33,48,44,4,41,15,26
4,State - CHANDIGARH (04),Rural,In-Movement,60+,19,12,7,3,2,1,16,10,6
4,State - CHANDIGARH (04),Urban,Total,Total,14450,8531,5919,4182,3540,642,9935,4756,5179
4,State - CHANDIGARH (04),Urban,Total,0-14,2635,1517,1118,35,21,14,2583,1485,1098
4,State - CHANDIGARH (04),Urban,Total,15-59,9438,5769,3669,3855,3263,592,5300,2305,2995
4,State - CHANDIGARH (04),Urban,Total,60+,2365,1239,1126,290,256,34,2044,961,1083
4,State - CHANDIGARH (04),Urban,In-Seeing,Total,1743,1064,679,560,483,77,1144,557,587
4,State - CHANDIGARH (04),Urban,In-Seeing,0-14,326,202,124,3,2,1,323,200,123
4,State - CHANDIGARH (04),Urban,In-Seeing,15-59,1030,657,373,498,429,69,498,206,292
4,State - CHANDIGARH (04),Urban,In-Seeing,60+,385,203,182,59,52,7,321,149,172
4,State - CHANDIGARH (04),Urban,In-Hearing,Total,2443,1243,1200,767,650,117,1585,538,1047
4,State - CHANDIGARH (04),Urban,In-Hearing,0-14,451,213,238,6,5,1,437,202,235
4,State - CHANDIGARH (04),Urban,In-Hearing,15-59,1555,802,753,708,600,108,773,161,612
4,State - CHANDIGARH (04),Urban,In-Hearing,60+,434,227,207,52,45,7,375,175,200
4,State - CHANDIGARH (04),Urban,In-Speech,Total,912,536,376,293,243,50,601,281,320
4,State - CHANDIGARH (04),Urban,In-Speech,0-14,219,138,81,6,4,2,213,134,79
4,State - CHANDIGARH (04),Urban,In-Speech,15-59,608,352,256,270,226,44,322,115,207
4,State - CHANDIGARH (04),Urban,In-Speech,60+,85,46,39,17,13,4,66,32,34
4,State - CHANDIGARH (04),Urban,In-Movement,Total,3686,2293,1393,1379,1164,215,2237,1073,1164
4,State - CHANDIGARH (04),Urban,In-Movement,0-14,373,227,146,5,1,4,366,225,141
4,State - CHANDIGARH (04),Urban,In-Movement,15-59,2508,1656,852,1295,1093,202,1152,514,638
4,State - CHANDIGARH (04),Urban,In-Movement,60+,805,410,395,79,70,9,719,334,385
4,State - CHANDIGARH (04),Urban,Mental-Retardation,Total,1074,677,397,97,79,18,973,595,378
4,State - CHANDIGARH (04),Urban,Mental-Retardation,0-14,288,169,119,4,3,1,284,166,118
4,State - CHANDIGARH (04),Urban,Mental-Retardation,15-59,755,489,266,87,71,16,664,415,249
4,State - CHANDIGARH (04),Urban,Mental-Retardation,60+,31,19,12,6,5,1,25,14,11
4,State - CHANDIGARH (04),Urban,Mental-Illness,Total,736,434,302,95,80,15,625,339,286
4,State - CHANDIGARH (04),Urban,Mental-Illness,0-14,116,68,48,2,1,1,114,67,47
4,State - CHANDIGARH (04),Urban,Mental-Illness,15-59,547,327,220,87,74,13,445,239,206
4,State - CHANDIGARH (04),Urban,Mental-Illness,60+,73,39,34,6,5,1,66,33,33
4,State - CHANDIGARH (04),Urban,Any-Other,Total,2543,1526,1017,813,693,120,1655,779,876
4,State - CHANDIGARH (04),Urban,Any-Other,0-14,524,294,230,6,4,2,512,287,225
4,State - CHANDIGARH (04),Urban,Any-Other,15-59,1727,1074,653,757,644,113,906,381,525
4,State - CHANDIGARH (04),Urban,Any-Other,60+,285,155,130,49,45,4,231,108,123
4,State - CHANDIGARH (04),Urban,Multiple-Disability,Total,1313,758,555,178,148,30,1115,594,521
4,State - CHANDIGARH (04),Urban,Multiple-Disability,0-14,338,206,132,3,1,2,334,204,130
4,State - CHANDIGARH (04),Urban,Multiple-Disability,15-59,708,412,296,153,126,27,540,274,266
4,State - CHANDIGARH (04),Urban,Multiple-Disability,60+,267,140,127,22,21,1,241,116,125
5,State - UTTARAKHAND (05),Total,Total,Total,185272,102787,82485,44439,33341,11098,120384,57919,62465
5,State - UTTARAKHAND (05),Total,Total,0-14,34920,19533,15387,449,281,168,33675,18836,14839
5,State - UTTARAKHAND (05),Total,Total,15-59,105480,61529,43951,35664,27256,8408,55449,25868,29581
5,State - UTTARAKHAND (05),Total,Total,60+,44373,21409,22964,8189,5690,2499,30954,13051,17903
5,State - UTTARAKHAND (05),Total,Total,Age not stated,499,316,183,137,114,23,306,164,142
5,State - UTTARAKHAND (05),Total,In-Seeing,Total,29107,14486,14621,7113,5116,1997,18528,7605,10923
5,State - UTTARAKHAND (05),Total,In-Seeing,0-14,4541,2479,2062,61,44,17,4386,2388,1998
5,State - UTTARAKHAND (05),Total,In-Seeing,15-59,12824,6968,5856,4813,3604,1209,6155,2330,3825
5,State - UTTARAKHAND (05),Total,In-Seeing,60+,11640,4975,6665,2216,1450,766,7923,2852,5071
5,State - UTTARAKHAND (05),Total,In-Seeing,Age not stated,102,64,38,23,18,5,64,35,29
5,State - UTTARAKHAND (05),Total,In-Hearing,Total,37681,19192,18489,11065,8143,2922,21943,8748,13195
5,State - UTTARAKHAND (05),Total,In-Hearing,0-14,7394,3756,3638,134,77,57,7001,3552,3449
5,State - UTTARAKHAND (05),Total,In-Hearing,15-59,20041,10641,9400,8786,6573,2213,8267,2606,5661
5,State - UTTARAKHAND (05),Total,In-Hearing,60+,10108,4707,5401,2090,1445,645,6608,2559,4049
5,State - UTTARAKHAND (05),Total,In-Hearing,Age not stated,138,88,50,55,48,7,67,31,36
5,State - UTTARAKHAND (05),Total,In-Speech,Total,12348,7008,5340,3397,2529,868,7507,3609,3898
5,State - UTTARAKHAND (05),Total,In-Speech,0-14,3035,1758,1277,24,20,4,2946,1697,1249
5,State - UTTARAKHAND (05),Total,In-Speech,15-59,7868,4425,3443,2971,2217,754,3696,1497,2199
5,State - UTTARAKHAND (05),Total,In-Speech,60+,1412,799,613,396,287,109,842,398,444
5,State - UTTARAKHAND (05),Total,In-Speech,Age not stated,33,26,7,6,5,1,23,17,6
5,State - UTTARAKHAND (05),Total,In-Movement,Total,36996,22743,14253,9505,7632,1873,23537,12502,11035
5,State - UTTARAKHAND (05),Total,In-Movement,0-14,4213,2594,1619,42,30,12,4101,2522,1579
5,State - UTTARAKHAND (05),Total,In-Movement,15-59,23528,15045,8483,8065,6539,1526,12471,6477,5994
5,State - UTTARAKHAND (05),Total,In-Movement,60+,9207,5071,4136,1385,1051,334,6934,3486,3448
5,State - UTTARAKHAND (05),Total,In-Movement,Age not stated,48,33,15,13,12,1,31,17,14
5,State - UTTARAKHAND (05),Total,Mental-Retardation,Total,11450,6952,4498,1391,1054,337,9056,5210,3846
5,State - UTTARAKHAND (05),Total,Mental-Retardation,0-14,2732,1573,1159,27,12,15,2668,1539,1129
5,State - UTTARAKHAND (05),Total,Mental-Retardation,15-59,7971,4978,2993,1231,954,277,5852,3406,2446
5,State - UTTARAKHAND (05),Total,Mental-Retardation,60+,730,391,339,130,85,45,522,258,264
5,State - UTTARAKHAND (05),Total,Mental-Illness,Total,6443,3935,2508,714,529,185,5183,3038,2145
5,State - UTTARAKHAND (05),Total,Mental-Illness,0-14,754,441,313,8,6,2,727,426,301
5,State - UTTARAKHAND (05),Total,Mental-Illness,15-59,4907,3111,1796,620,465,155,3816,2318,1498
5,State - UTTARAKHAND (05),Total,Mental-Illness,60+,773,378,395,85,57,28,632,290,342
5,State - UTTARAKHAND (05),Total,Any-Other,Total,30723,17159,13564,8683,6476,2207,18254,8640,9614
5,State - UTTARAKHAND (05),Total,Any-Other,0-14,7964,4377,3587,126,74,52,7637,4203,3434
5,State - UTTARAKHAND (05),Total,Any-Other,15-59,18473,10476,7997,7347,5539,1808,8124,3305,4819
5,State - UTTARAKHAND (05),Total,Any-Other,60+,4162,2228,1934,1177,839,338,2414,1086,1328
5,State - UTTARAKHAND (05),Total,Any-Other,Age not stated,124,78,46,33,24,9,79,46,33
5,State - UTTARAKHAND (05),Total,Multiple-Disability,Total,20524,11312,9212,2571,1862,709,16376,8567,7809
5,State - UTTARAKHAND (05),Total,Multiple-Disability,0-14,4287,2555,1732,27,18,9,4209,2509,1700
5,State - UTTARAKHAND (05),Total,Multiple-Disability,15-59,9868,5885,3983,1831,1365,466,7068,3929,3139
5,State - UTTARAKHAND (05),Total,Multiple-Disability,60+,6341,2860,3481,710,476,234,5079,2122,2957
5,State - UTTARAKHAND (05),Rural,Total,Total,134097,73244,60853,31414,22039,9375,84777,41448,43329
5,State - UTTARAKHAND (05),Rural,Total,0-14,24571,13745,10826,312,192,120,23671,13256,10415
5,State - UTTARAKHAND (05),Rural,Total,15-59,72539,41991,30548,24069,17164,6905,36133,17859,18274
5,State - UTTARAKHAND (05),Rural,Total,60+,36671,17314,19357,6954,4622,2332,24778,10227,14551
5,State - UTTARAKHAND (05),Rural,Total,Age not stated,316,194,122,79,61,18,195,106,89
5,State - UTTARAKHAND (05),Rural,In-Seeing,Total,21483,10341,11142,5230,3507,1723,13205,5363,7842
5,State - UTTARAKHAND (05),Rural,In-Seeing,0-14,2893,1568,1325,40,25,15,2789,1512,1277
5,State - UTTARAKHAND (05),Rural,In-Seeing,15-59,8508,4543,3965,3232,2250,982,3730,1474,2256
5,State - UTTARAKHAND (05),Rural,In-Seeing,60+,10036,4200,5836,1946,1223,723,6659,2360,4299
5,State - UTTARAKHAND (05),Rural,In-Seeing,Age not stated,46,30,16,12,9,3,27,17,10
5,State - UTTARAKHAND (05),Rural,In-Hearing,Total,25312,12410,12902,7047,4597,2450,14223,5893,8330
5,State - UTTARAKHAND (05),Rural,In-Hearing,0-14,4785,2453,2332,83,48,35,4522,2324,2198
5,State - UTTARAKHAND (05),Rural,In-Hearing,15-59,12006,6012,5994,5130,3328,1802,4381,1519,2862
5,State - UTTARAKHAND (05),Rural,In-Hearing,60+,8432,3893,4539,1807,1200,607,5273,2028,3245
5,State - UTTARAKHAND (05),Rural,In-Hearing,Age not stated,89,52,37,27,21,6,47,22,25
5,State - UTTARAKHAND (05),Rural,In-Speech,Total,8808,4966,3842,2413,1671,742,5124,2552,2572
5,State - UTTARAKHAND (05),Rural,In-Speech,0-14,2222,1275,947,14,12,2,2161,1235,926
5,State - UTTARAKHAND (05),Rural,In-Speech,15-59,5511,3074,2437,2073,1433,640,2375,1032,1343
5,State - UTTARAKHAND (05),Rural,In-Speech,60+,1050,597,453,321,222,99,572,273,299
5,State - UTTARAKHAND (05),Rural,In-Speech,Age not stated,25,20,5,5,4,1,16,12,4
5,State - UTTARAKHAND (05),Rural,In-Movement,Total,27947,16970,10977,6927,5383,1544,17498,9335,8163
5,State - UTTARAKHAND (05),Rural,In-Movement,0-14,3194,1961,1233,32,22,10,3105,1907,1198
5,State - UTTARAKHAND (05),Rural,In-Movement,15-59,17370,11016,6354,5745,4520,1225,8991,4767,4224
5,State - UTTARAKHAND (05),Rural,In-Movement,60+,7347,3969,3378,1141,833,308,5378,2648,2730
5,State - UTTARAKHAND (05),Rural,In-Movement,Age not stated,36,24,12,9,8,1,24,13,11
5,State - UTTARAKHAND (05),Rural,Mental-Retardation,Total,8368,5090,3278,1089,804,285,6375,3679,2696
5,State - UTTARAKHAND (05),Rural,Mental-Retardation,0-14,2078,1193,885,22,11,11,2023,1162,861
5,State - UTTARAKHAND (05),Rural,Mental-Retardation,15-59,5732,3601,2131,960,725,235,3972,2333,1639
5,State - UTTARAKHAND (05),Rural,Mental-Retardation,60+,553,294,259,107,68,39,375,182,193
5,State - UTTARAKHAND (05),Rural,Mental-Illness,Total,4763,2982,1781,587,412,175,3676,2240,1436
5,State - UTTARAKHAND (05),Rural,Mental-Illness,0-14,505,297,208,5,3,2,482,285,197
5,State - UTTARAKHAND (05),Rural,Mental-Illness,15-59,3662,2394,1268,510,364,146,2725,1740,985
5,State - UTTARAKHAND (05),Rural,Mental-Illness,60+,588,287,301,71,44,27,462,212,250
5,State - UTTARAKHAND (05),Rural,Any-Other,Total,21542,11859,9683,6160,4317,1843,12156,5866,6290
5,State - UTTARAKHAND (05),Rural,Any-Other,0-14,5690,3090,2600,92,55,37,5446,2961,2485
5,State - UTTARAKHAND (05),Rural,Any-Other,15-59,12596,7054,5542,5104,3612,1492,4945,2114,2831
5,State - UTTARAKHAND (05),Rural,Any-Other,60+,3172,1664,1508,942,635,307,1712,760,952
5,State - UTTARAKHAND (05),Rural,Any-Other,Age not stated,84,51,33,22,15,7,53,31,22
5,State - UTTARAKHAND (05),Rural,Multiple-Disability,Total,15874,8626,7248,1961,1348,613,12520,6520,6000
5,State - UTTARAKHAND (05),Rural,Multiple-Disability,0-14,3204,1908,1296,24,16,8,3143,1870,1273
5,State - UTTARAKHAND (05),Rural,Multiple-Disability,15-59,7154,4297,2857,1315,932,383,5014,2880,2134
5,State - UTTARAKHAND (05),Rural,Multiple-Disability,60+,5493,2410,3083,619,397,222,4347,1764,2583
5,State - UTTARAKHAND (05),Urban,Total,Total,51175,29543,21632,13025,11302,1723,35607,16471,19136
5,State - UTTARAKHAND (05),Urban,Total,0-14,10349,5788,4561,137,89,48,10004,5580,4424
5,State - UTTARAKHAND (05),Urban,Total,15-59,32941,19538,13403,11595,10092,1503,19316,8009,11307
5,State - UTTARAKHAND (05),Urban,Total,60+,7702,4095,3607,1235,1068,167,6176,2824,3352
5,State - UTTARAKHAND (05),Urban,Total,Age not stated,183,122,61,58,53,5,111,58,53
5,State - UTTARAKHAND (05),Urban,In-Seeing,Total,7624,4145,3479,1883,1609,274,5323,2242,3081
5,State - UTTARAKHAND (05),Urban,In-Seeing,0-14,1648,911,737,21,19,2,1597,876,721
5,State - UTTARAKHAND (05),Urban,In-Seeing,15-59,4316,2425,1891,1581,1354,227,2425,856,1569
5,State - UTTARAKHAND (05),Urban,In-Seeing,60+,1604,775,829,270,227,43,1264,492,772
5,State - UTTARAKHAND (05),Urban,In-Seeing,Age not stated,56,34,22,11,9,2,37,18,19
5,State - UTTARAKHAND (05),Urban,In-Hearing,Total,12369,6782,5587,4018,3546,472,7720,2855,4865
5,State - UTTARAKHAND (05),Urban,In-Hearing,0-14,2609,1303,1306,51,29,22,2479,1228,1251
5,State - UTTARAKHAND (05),Urban,In-Hearing,15-59,8035,4629,3406,3656,3245,411,3886,1087,2799
5,State - UTTARAKHAND (05),Urban,In-Hearing,60+,1676,814,862,283,245,38,1335,531,804
5,State - UTTARAKHAND (05),Urban,In-Hearing,Age not stated,49,36,13,28,27,1,20,9,11
5,State - UTTARAKHAND (05),Urban,In-Speech,Total,3540,2042,1498,984,858,126,2383,1057,1326
5,State - UTTARAKHAND (05),Urban,In-Speech,0-14,813,483,330,10,8,2,785,462,323
5,State - UTTARAKHAND (05),Urban,In-Speech,15-59,2357,1351,1006,898,784,114,1321,465,856
5,State - UTTARAKHAND (05),Urban,In-Speech,60+,362,202,160,75,65,10,270,125,145
5,State - UTTARAKHAND (05),Urban,In-Movement,Total,9049,5773,3276,2578,2249,329,6039,3167,2872
5,State - UTTARAKHAND (05),Urban,In-Movement,0-14,1019,633,386,10,8,2,996,615,381
5,State - UTTARAKHAND (05),Urban,In-Movement,15-59,6158,4029,2129,2320,2019,301,3480,1710,1770
5,State - UTTARAKHAND (05),Urban,In-Movement,60+,1860,1102,758,244,218,26,1556,838,718
5,State - UTTARAKHAND (05),Urban,Mental-Retardation,Total,3082,1862,1220,302,250,52,2681,1531,1150
5,State - UTTARAKHAND (05),Urban,Mental-Retardation,0-14,654,380,274,5,1,4,645,377,268
5,State - UTTARAKHAND (05),Urban,Mental-Retardation,15-59,2239,1377,862,271,229,42,1880,1073,807
5,State - UTTARAKHAND (05),Urban,Mental-Retardation,60+,177,97,80,23,17,6,147,76,71
5,State - UTTARAKHAND (05),Urban,Mental-Illness,Total,1680,953,727,127,117,10,1507,798,709
5,State - UTTARAKHAND (05),Urban,Mental-Illness,15-59,1245,717,528,110,101,9,1091,578,513
5,State - UTTARAKHAND (05),Urban,Mental-Illness,60+,185,91,94,14,13,1,170,78,92
5,State - UTTARAKHAND (05),Urban,Any-Other,Total,9181,5300,3881,2523,2159,364,6098,2774,3324
5,State - UTTARAKHAND (05),Urban,Any-Other,0-14,2274,1287,987,34,19,15,2191,1242,949
5,State - UTTARAKHAND (05),Urban,Any-Other,15-59,5877,3422,2455,2243,1927,316,3179,1191,1988
5,State - UTTARAKHAND (05),Urban,Any-Other,60+,990,564,426,235,204,31,702,326,376
5,State - UTTARAKHAND (05),Urban,Any-Other,Age not stated,40,27,13,11,9,2,26,15,11
5,State - UTTARAKHAND (05),Urban,Multiple-Disability,Total,4650,2686,1964,610,514,96,3856,2047,1809
5,State - UTTARAKHAND (05),Urban,Multiple-Disability,0-14,1083,647,436,3,2,1,1066,639,427
5,State - UTTARAKHAND (05),Urban,Multiple-Disability,15-59,2714,1588,1126,516,433,83,2054,1049,1005
5,State - UTTARAKHAND (05),Urban,Multiple-Disability,60+,848,450,398,91,79,12,732,358,374
6,State - HARYANA (06),Total,Total,Total,546374,315533,230841,129013,110292,18721,375774,179708,196066
6,State - HARYANA (06),Total,Total,0-14,101515,58597,42918,1216,806,410,98756,56941,41815
6,State - HARYANA (06),Total,Total,15-59,319715,193653,126062,109804,93997,15807,176105,78766,97339
6,State - HARYANA (06),Total,Total,60+,124185,62735,61450,17800,15340,2460,100207,43643,56564
6,State - HARYANA (06),Total,Total,Age not stated,959,548,411,193,149,44,706,358,348
6,State - HARYANA (06),Total,In-Seeing,Total,82702,43624,39078,19237,16375,2862,57072,23486,33586
6,State - HARYANA (06),Total,In-Seeing,0-14,12177,6760,5417,139,90,49,11846,6563,5283
6,State - HARYANA (06),Total,In-Seeing,15-59,37814,21227,16587,14349,12188,2161,19037,6465,12572
6,State - HARYANA (06),Total,In-Seeing,60+,32599,15576,17023,4721,4075,646,26109,10422,15687
6,State - HARYANA (06),Total,In-Seeing,Age not stated,112,61,51,28,22,6,80,36,44
6,State - HARYANA (06),Total,In-Hearing,Total,115527,60916,54611,29470,24222,5248,76349,31519,44830
6,State - HARYANA (06),Total,In-Hearing,0-14,26196,14165,12031,420,252,168,25104,13566,11538
6,State - HARYANA (06),Total,In-Hearing,15-59,64335,34496,29839,24888,20436,4452,31818,10016,21802
6,State - HARYANA (06),Total,In-Hearing,60+,24770,12142,12628,4122,3507,615,19257,7862,11395
6,State - HARYANA (06),Total,In-Hearing,Age not stated,226,113,113,40,27,13,170,75,95
6,State - HARYANA (06),Total,In-Speech,Total,21787,13321,8466,5236,4543,693,15060,7885,7175
6,State - HARYANA (06),Total,In-Speech,0-14,6117,3820,2297,52,37,15,5987,3738,2249
6,State - HARYANA (06),Total,In-Speech,15-59,13246,8112,5134,4692,4080,612,7264,3265,3999
6,State - HARYANA (06),Total,In-Speech,60+,2403,1378,1025,491,425,66,1790,873,917
6,State - HARYANA (06),Total,In-Movement,Total,116026,72761,43265,30719,27254,3465,76492,39412,37080
6,State - HARYANA (06),Total,In-Movement,0-14,10723,6817,3906,120,90,30,10506,6663,3843
6,State - HARYANA (06),Total,In-Movement,15-59,76815,50881,25934,27271,24218,3053,41947,21344,20603
6,State - HARYANA (06),Total,In-Movement,60+,28374,14990,13384,3291,2913,378,23970,11371,12599
6,State - HARYANA (06),Total,In-Movement,Age not stated,114,73,41,37,33,4,69,34,35
6,State - HARYANA (06),Total,Mental-Retardation,Total,30070,19268,10802,3872,3357,515,24546,14820,9726
6,State - HARYANA (06),Total,Mental-Retardation,0-14,7362,4474,2888,66,52,14,7232,4390,2842
6,State - HARYANA (06),Total,Mental-Retardation,15-59,20653,13630,7023,3504,3053,451,15672,9590,6082
6,State - HARYANA (06),Total,Mental-Retardation,60+,2023,1141,882,296,248,48,1617,822,795
6,State - HARYANA (06),Total,Mental-Retardation,Age not stated,32,23,9,6,4,2,25,18,7
6,State - HARYANA (06),Total,Mental-Illness,Total,16191,10298,5893,1950,1708,242,13392,7980,5412
6,State - HARYANA (06),Total,Mental-Illness,0-14,2247,1358,889,21,16,5,2208,1330,878
6,State - HARYANA (06),Total,Mental-Illness,15-59,11956,7874,4082,1733,1517,216,9452,5798,3654
6,State - HARYANA (06),Total,Mental-Illness,60+,1973,1060,913,196,175,21,1718,847,871
6,State - HARYANA (06),Total,Any-Other,Total,116821,67528,49293,33982,28951,5031,71959,31894,40065
6,State - HARYANA (06),Total,Any-Other,0-14,26853,14904,11949,333,226,107,26170,14483,11687
6,State - HARYANA (06),Total,Any-Other,15-59,73853,43771,30082,29981,25571,4410,34525,12426,22099
6,State - HARYANA (06),Total,Any-Other,60+,15749,8636,7113,3597,3097,500,10988,4837,6151
6,State - HARYANA (06),Total,Any-Other,Age not stated,366,217,149,71,57,14,276,148,128
6,State - HARYANA (06),Total,Multiple-Disability,Total,47250,27817,19433,4547,3882,665,40904,22712,18192
6,State - HARYANA (06),Total,Multiple-Disability,0-14,9840,6299,3541,65,43,22,9703,6208,3495
6,State - HARYANA (06),Total,Multiple-Disability,15-59,21043,13662,7381,3386,2934,452,16390,9862,6528
6,State - HARYANA (06),Total,Multiple-Disability,60+,16294,7812,8482,1086,900,186,14758,6609,8149
6,State - HARYANA (06),Total,Multiple-Disability,Age not stated,73,44,29,10,5,5,53,33,20
6,State - HARYANA (06),Rural,Total,Total,357663,208784,148879,81960,70080,11880,244554,120315,124239
6,State - HARYANA (06),Rural,Total,0-14,65461,37996,27465,636,426,210,64012,37128,26884
6,State - HARYANA (06),Rural,Total,15-59,202810,125610,77200,69093,59128,9965,108319,51434,56885
6,State - HARYANA (06),Rural,Total,60+,88803,44839,43964,12125,10444,1681,71772,31516,40256
6,State - HARYANA (06),Rural,Total,Age not stated,589,339,250,106,82,24,451,237,214
6,State - HARYANA (06),Rural,In-Seeing,Total,55737,29219,26518,11938,10152,1786,38860,16327,22533
6,State - HARYANA (06),Rural,In-Seeing,0-14,7675,4287,3388,70,46,24,7499,4186,3313
6,State - HARYANA (06),Rural,In-Seeing,15-59,22952,13022,9930,8468,7168,1300,11143,4047,7096
6,State - HARYANA (06),Rural,In-Seeing,60+,25036,11875,13161,3383,2927,456,20163,8071,12092
6,State - HARYANA (06),Rural,In-Seeing,Age not stated,74,35,39,17,11,6,55,23,32
6,State - HARYANA (06),Rural,In-Hearing,Total,66421,35029,31392,16606,13519,3087,43430,18372,25058
6,State - HARYANA (06),Rural,In-Hearing,0-14,14669,7883,6786,202,118,84,14174,7615,6559
6,State - HARYANA (06),Rural,In-Hearing,15-59,34589,18794,15795,13696,11111,2585,15858,5266,10592
6,State - HARYANA (06),Rural,In-Hearing,60+,17052,8299,8753,2691,2281,410,13313,5451,7862
6,State - HARYANA (06),Rural,In-Hearing,Age not stated,111,53,58,17,9,8,85,40,45
6,State - HARYANA (06),Rural,In-Speech,Total,14578,9035,5543,3429,2963,466,9955,5398,4557
6,State - HARYANA (06),Rural,In-Speech,0-14,4372,2769,1603,30,20,10,4292,2719,1573
6,State - HARYANA (06),Rural,In-Speech,15-59,8612,5340,3272,3049,2641,408,4510,2110,2400
6,State - HARYANA (06),Rural,In-Speech,60+,1582,920,662,350,302,48,1141,563,578
6,State - HARYANA (06),Rural,In-Movement,Total,82283,52540,29743,21515,19132,2383,53556,28559,24997
6,State - HARYANA (06),Rural,In-Movement,0-14,7938,5030,2908,81,60,21,7778,4920,2858
6,State - HARYANA (06),Rural,In-Movement,15-59,54846,36983,17863,19189,17083,2106,29413,15640,13773
6,State - HARYANA (06),Rural,In-Movement,60+,19414,10475,8939,2220,1966,254,16311,7975,8336
6,State - HARYANA (06),Rural,In-Movement,Age not stated,85,52,33,25,23,2,54,24,30
6,State - HARYANA (06),Rural,Mental-Retardation,Total,20160,13044,7116,2611,2271,340,16223,9932,6291
6,State - HARYANA (06),Rural,Mental-Retardation,0-14,5184,3164,2020,44,36,8,5097,3108,1989
6,State - HARYANA (06),Rural,Mental-Retardation,15-59,13576,9096,4480,2360,2068,292,10023,6262,3761
6,State - HARYANA (06),Rural,Mental-Retardation,60+,1380,767,613,202,164,38,1089,549,540
6,State - HARYANA (06),Rural,Mental-Retardation,Age not stated,20,17,3,5,3,2,14,13,1
6,State - HARYANA (06),Rural,Mental-Illness,Total,10657,6820,3837,1393,1207,186,8576,5134,3442
6,State - HARYANA (06),Rural,Mental-Illness,0-14,1512,917,595,15,11,4,1482,896,586
6,State - HARYANA (06),Rural,Mental-Illness,15-59,7800,5181,2619,1242,1075,167,5932,3665,2267
6,State - HARYANA (06),Rural,Mental-Illness,60+,1336,718,618,136,121,15,1154,570,584
6,State - HARYANA (06),Rural,Any-Other,Total,74374,43340,31034,21574,18362,3212,44760,20206,24554
6,State - HARYANA (06),Rural,Any-Other,0-14,17155,9450,7705,158,110,48,16812,9239,7573
6,State - HARYANA (06),Rural,Any-Other,15-59,46384,27917,18467,18990,16160,2830,20450,7622,12828
6,State - HARYANA (06),Rural,Any-Other,60+,10589,5823,4766,2385,2057,328,7305,3237,4068
6,State - HARYANA (06),Rural,Any-Other,Age not stated,246,150,96,41,35,6,193,108,85
6,State - HARYANA (06),Rural,Multiple-Disability,Total,33453,19757,13696,2894,2474,420,29194,16387,12807
6,State - HARYANA (06),Rural,Multiple-Disability,0-14,6956,4496,2460,36,25,11,6878,4445,2433
6,State - HARYANA (06),Rural,Multiple-Disability,15-59,14051,9277,4774,2099,1822,277,10990,6822,4168
6,State - HARYANA (06),Rural,Multiple-Disability,60+,12414,5962,6452,758,626,132,11296,5100,6196
6,State - HARYANA (06),Urban,Total,Total,188711,106749,81962,47053,40212,6841,131220,59393,71827
6,State - HARYANA (06),Urban,Total,0-14,36054,20601,15453,580,380,200,34744,19813,14931
6,State - HARYANA (06),Urban,Total,15-59,116905,68043,48862,40711,34869,5842,67786,27332,40454
6,State - HARYANA (06),Urban,Total,60+,35382,17896,17486,5675,4896,779,28435,12127,16308
6,State - HARYANA (06),Urban,Total,Age not stated,370,209,161,87,67,20,255,121,134
6,State - HARYANA (06),Urban,In-Seeing,Total,26965,14405,12560,7299,6223,1076,18212,7159,11053
6,State - HARYANA (06),Urban,In-Seeing,0-14,4502,2473,2029,69,44,25,4347,2377,1970
6,State - HARYANA (06),Urban,In-Seeing,15-59,14862,8205,6657,5881,5020,861,7894,2418,5476
6,State - HARYANA (06),Urban,In-Seeing,60+,7563,3701,3862,1338,1148,190,5946,2351,3595
6,State - HARYANA (06),Urban,In-Hearing,Total,49106,25887,23219,12864,10703,2161,32919,13147,19772
6,State - HARYANA (06),Urban,In-Hearing,0-14,11527,6282,5245,218,134,84,10930,5951,4979
6,State - HARYANA (06),Urban,In-Hearing,15-59,29746,15702,14044,11192,9325,1867,15960,4750,11210
6,State - HARYANA (06),Urban,In-Hearing,60+,7718,3843,3875,1431,1226,205,5944,2411,3533
6,State - HARYANA (06),Urban,In-Hearing,Age not stated,115,60,55,23,18,5,85,35,50
6,State - HARYANA (06),Urban,In-Speech,Total,7209,4286,2923,1807,1580,227,5105,2487,2618
6,State - HARYANA (06),Urban,In-Speech,0-14,1745,1051,694,22,17,5,1695,1019,676
6,State - HARYANA (06),Urban,In-Speech,15-59,4634,2772,1862,1643,1439,204,2754,1155,1599
6,State - HARYANA (06),Urban,In-Speech,60+,821,458,363,141,123,18,649,310,339
6,State - HARYANA (06),Urban,In-Movement,Total,33743,20221,13522,9204,8122,1082,22936,10853,12083
6,State - HARYANA (06),Urban,In-Movement,0-14,2785,1787,998,39,30,9,2728,1743,985
6,State - HARYANA (06),Urban,In-Movement,15-59,21969,13898,8071,8082,7135,947,12534,5704,6830
6,State - HARYANA (06),Urban,In-Movement,60+,8960,4515,4445,1071,947,124,7659,3396,4263
6,State - HARYANA (06),Urban,In-Movement,Age not stated,29,21,8,12,10,2,15,10,5
6,State - HARYANA (06),Urban,Mental-Retardation,Total,9910,6224,3686,1261,1086,175,8323,4888,3435
6,State - HARYANA (06),Urban,Mental-Retardation,0-14,2178,1310,868,22,16,6,2135,1282,853
6,State - HARYANA (06),Urban,Mental-Retardation,15-59,7077,4534,2543,1144,985,159,5649,3328,2321
6,State - HARYANA (06),Urban,Mental-Retardation,60+,643,374,269,94,84,10,528,273,255
6,State - HARYANA (06),Urban,Mental-Illness,Total,5534,3478,2056,557,501,56,4816,2846,1970
6,State - HARYANA (06),Urban,Mental-Illness,0-14,735,441,294,6,5,1,726,434,292
6,State - HARYANA (06),Urban,Mental-Illness,15-59,4156,2693,1463,491,442,49,3520,2133,1387
6,State - HARYANA (06),Urban,Mental-Illness,60+,637,342,295,60,54,6,564,277,287
6,State - HARYANA (06),Urban,Any-Other,Total,42447,24188,18259,12408,10589,1819,27199,11688,15511
6,State - HARYANA (06),Urban,Any-Other,0-14,9698,5454,4244,175,116,59,9358,5244,4114
6,State - HARYANA (06),Urban,Any-Other,15-59,27469,15854,11615,10991,9411,1580,14075,4804,9271
6,State - HARYANA (06),Urban,Any-Other,60+,5160,2813,2347,1212,1040,172,3683,1600,2083
6,State - HARYANA (06),Urban,Any-Other,Age not stated,120,67,53,30,22,8,83,40,43
6,State - HARYANA (06),Urban,Multiple-Disability,Total,13797,8060,5737,1653,1408,245,11710,6325,5385
6,State - HARYANA (06),Urban,Multiple-Disability,0-14,2884,1803,1081,29,18,11,2825,1763,1062
6,State - HARYANA (06),Urban,Multiple-Disability,15-59,6992,4385,2607,1287,1112,175,5400,3040,2360
6,State - HARYANA (06),Urban,Multiple-Disability,60+,3880,1850,2030,328,274,54,3462,1509,1953
6,State - HARYANA (06),Urban,Multiple-Disability,Age not stated,41,22,19,9,4,5,23,13,10
7,State - NCT OF DELHI (07),Total,Total,Total,234882,138379,96503,60151,52895,7256,169309,81361,87948
7,State - NCT OF DELHI (07),Total,Total,0-14,40542,23371,17171,310,230,80,40078,23041,17037
7,State - NCT OF DELHI (07),Total,Total,15-59,143830,89734,54096,53781,47429,6352,85550,38830,46720
7,State - NCT OF DELHI (07),Total,Total,60+,50085,25004,25081,5924,5112,812,43404,19353,24051
7,State - NCT OF DELHI (07),Total,Total,Age not stated,425,270,155,136,124,12,277,137,140
7,State - NCT OF DELHI (07),Total,In-Seeing,Total,30124,16864,13260,8568,7407,1161,20896,8983,11913
7,State - NCT OF DELHI (07),Total,In-Seeing,0-14,4758,2702,2056,34,25,9,4698,2661,2037
7,State - NCT OF DELHI (07),Total,In-Seeing,15-59,16910,10055,6855,7334,6339,995,9064,3344,5720
7,State - NCT OF DELHI (07),Total,In-Seeing,60+,8400,4075,4325,1180,1026,154,7102,2964,4138
7,State - NCT OF DELHI (07),Total,In-Seeing,Age not stated,56,32,24,20,17,3,32,14,18
7,State - NCT OF DELHI (07),Total,In-Hearing,Total,34499,19277,15222,10771,9511,1260,22804,9154,13650
7,State - NCT OF DELHI (07),Total,In-Hearing,0-14,6273,3342,2931,64,46,18,6173,3278,2895
7,State - NCT OF DELHI (07),Total,In-Hearing,15-59,20380,11939,8441,9614,8513,1101,10005,2916,7089
7,State - NCT OF DELHI (07),Total,In-Hearing,60+,7726,3907,3819,1033,896,137,6570,2931,3639
7,State - NCT OF DELHI (07),Total,In-Hearing,Age not stated,120,89,31,60,56,4,56,29,27
7,State - NCT OF DELHI (07),Total,In-Speech,Total,15094,8946,6148,4422,3843,579,10306,4831,5475
7,State - NCT OF DELHI (07),Total,In-Speech,0-14,3841,2256,1585,40,32,8,3789,2214,1575
7,State - NCT OF DELHI (07),Total,In-Speech,15-59,9869,5893,3976,4124,3585,539,5422,2071,3351
7,State - NCT OF DELHI (07),Total,In-Speech,60+,1356,778,578,249,217,32,1079,539,540
7,State - NCT OF DELHI (07),Total,In-Movement,Total,67383,40727,26656,19832,17636,2196,45765,21646,24119
7,State - NCT OF DELHI (07),Total,In-Movement,0-14,5683,3381,2302,49,37,12,5618,3332,2286
7,State - NCT OF DELHI (07),Total,In-Movement,15-59,42192,27723,14469,17675,15780,1895,23018,10710,12308
7,State - NCT OF DELHI (07),Total,In-Movement,60+,19457,9592,9865,2090,1803,287,17096,7589,9507
7,State - NCT OF DELHI (07),Total,In-Movement,Age not stated,51,31,20,18,16,2,33,15,18
7,State - NCT OF DELHI (07),Total,Mental-Retardation,Total,16338,10385,5953,1525,1354,171,14607,8861,5746
7,State - NCT OF DELHI (07),Total,Mental-Retardation,0-14,4071,2502,1569,19,15,4,4043,2482,1561
7,State - NCT OF DELHI (07),Total,Mental-Retardation,15-59,11489,7443,4046,1428,1273,155,9878,6015,3863
7,State - NCT OF DELHI (07),Total,Mental-Retardation,60+,760,428,332,76,64,12,670,354,316
7,State - NCT OF DELHI (07),Total,Mental-Illness,Total,10046,6292,3754,1002,897,105,8841,5225,3616
7,State - NCT OF DELHI (07),Total,Mental-Illness,0-14,1516,948,568,10,8,2,1504,939,565
7,State - NCT OF DELHI (07),Total,Mental-Illness,15-59,7453,4751,2702,930,836,94,6334,3755,2579
7,State - NCT OF DELHI (07),Total,Mental-Illness,60+,1073,590,483,62,53,9,999,528,471
7,State - NCT OF DELHI (07),Total,Any-Other,Total,37013,21783,15230,11465,9991,1474,24560,11030,13530
7,State - NCT OF DELHI (07),Total,Any-Other,0-14,8678,4786,3892,73,52,21,8566,4705,3861
7,State - NCT OF DELHI (07),Total,Any-Other,15-59,23873,14480,9393,10607,9261,1346,12430,4572,7858
7,State - NCT OF DELHI (07),Total,Any-Other,60+,4342,2448,1894,758,654,104,3472,1709,1763
7,State - NCT OF DELHI (07),Total,Any-Other,Age not stated,120,69,51,27,24,3,92,44,48
7,State - NCT OF DELHI (07),Total,Multiple-Disability,Total,24385,14105,10280,2566,2256,310,21530,11631,9899
7,State - NCT OF DELHI (07),Total,Multiple-Disability,0-14,5722,3454,2268,21,15,6,5687,3430,2257
7,State - NCT OF DELHI (07),Total,Multiple-Disability,15-59,11664,7450,4214,2069,1842,227,9399,5447,3952
7,State - NCT OF DELHI (07),Total,Multiple-Disability,60+,6971,3186,3785,476,399,77,6416,2739,3677
7,State - NCT OF DELHI (07),Rural,Total,Total,6116,3668,2448,1423,1258,165,4471,2244,2227
7,State - NCT OF DELHI (07),Rural,Total,15-59,3499,2237,1262,1248,1107,141,2067,989,1078
7,State - NCT OF DELHI (07),Rural,Total,60+,1444,724,720,167,143,24,1243,558,685
7,State - NCT OF DELHI (07),Rural,In-Seeing,Total,792,430,362,213,185,28,558,228,330
7,State - NCT OF DELHI (07),Rural,In-Seeing,15-59,368,217,151,163,142,21,191,65,126
7,State - NCT OF DELHI (07),Rural,In-Seeing,60+,298,141,157,49,42,7,243,93,150
7,State - NCT OF DELHI (07),Rural,In-Hearing,Total,825,432,393,183,166,17,609,251,358
7,State - NCT OF DELHI (07),Rural,In-Hearing,15-59,416,222,194,156,142,14,233,65,168
7,State - NCT OF DELHI (07),Rural,In-Hearing,60+,240,112,128,27,24,3,208,88,120
7,State - NCT OF DELHI (07),Rural,In-Speech,Total,339,208,131,87,72,15,240,125,115
7,State - NCT OF DELHI (07),Rural,In-Speech,15-59,198,121,77,83,69,14,105,43,62
7,State - NCT OF DELHI (07),Rural,In-Speech,60+,26,16,10,3,2,1,21,12,9
7,State - NCT OF DELHI (07),Rural,In-Movement,Total,1885,1198,687,532,473,59,1265,652,613
7,State - NCT OF DELHI (07),Rural,In-Movement,15-59,1217,819,398,479,428,51,663,327,336
7,State - NCT OF DELHI (07),Rural,In-Movement,60+,491,262,229,52,44,8,426,209,217
7,State - NCT OF DELHI (07),Rural,Mental-Retardation,Total,350,245,105,29,26,3,313,212,101
7,State - NCT OF DELHI (07),Rural,Mental-Retardation,15-59,246,182,64,28,25,3,211,150,61
7,State - NCT OF DELHI (07),Rural,Mental-Illness,Total,247,172,75,28,27,1,211,137,74
7,State - NCT OF DELHI (07),Rural,Mental-Illness,15-59,182,127,55,27,26,1,148,94,54
7,State - NCT OF DELHI (07),Rural,Any-Other,Total,1005,586,419,289,257,32,674,301,373
7,State - NCT OF DELHI (07),Rural,Any-Other,15-59,597,370,227,264,235,29,296,112,184
7,State - NCT OF DELHI (07),Rural,Any-Other,60+,125,65,60,23,20,3,98,41,57
7,State - NCT OF DELHI (07),Rural,Multiple-Disability,Total,673,397,276,62,52,10,601,338,263
7,State - NCT OF DELHI (07),Rural,Multiple-Disability,15-59,275,179,96,48,40,8,220,133,87
7,State - NCT OF DELHI (07),Rural,Multiple-Disability,60+,221,102,119,12,10,2,206,91,115
7,State - NCT OF DELHI (07),Urban,Total,Total,228766,134711,94055,58728,51637,7091,164838,79117,85721
7,State - NCT OF DELHI (07),Urban,Total,0-14,39380,22668,16712,302,222,80,38928,22348,16580
7,State - NCT OF DELHI (07),Urban,Total,15-59,140331,87497,52834,52533,46322,6211,83483,37841,45642
7,State - NCT OF DELHI (07),Urban,Total,60+,48641,24280,24361,5757,4969,788,42161,18795,23366
7,State - NCT OF DELHI (07),Urban,Total,Age not stated,414,266,148,136,124,12,266,133,133
7,State - NCT OF DELHI (07),Urban,In-Seeing,Total,29332,16434,12898,8355,7222,1133,20338,8755,11583
7,State - NCT OF DELHI (07),Urban,In-Seeing,0-14,4633,2631,2002,33,24,9,4575,2592,1983
7,State - NCT OF DELHI (07),Urban,In-Seeing,15-59,16542,9838,6704,7171,6197,974,8873,3279,5594
7,State - NCT OF DELHI (07),Urban,In-Seeing,60+,8102,3934,4168,1131,984,147,6859,2871,3988
7,State - NCT OF DELHI (07),Urban,In-Seeing,Age not stated,55,31,24,20,17,3,31,13,18
7,State - NCT OF DELHI (07),Urban,In-Hearing,Total,33674,18845,14829,10588,9345,1243,22195,8903,13292
7,State - NCT OF DELHI (07),Urban,In-Hearing,0-14,6104,3244,2860,64,46,18,6005,3180,2825
7,State - NCT OF DELHI (07),Urban,In-Hearing,15-59,19964,11717,8247,9458,8371,1087,9772,2851,6921
7,State - NCT OF DELHI (07),Urban,In-Hearing,60+,7486,3795,3691,1006,872,134,6362,2843,3519
7,State - NCT OF DELHI (07),Urban,In-Hearing,Age not stated,120,89,31,60,56,4,56,29,27
7,State - NCT OF DELHI (07),Urban,In-Speech,Total,14755,8738,6017,4335,3771,564,10066,4706,5360
7,State - NCT OF DELHI (07),Urban,In-Speech,0-14,3726,2185,1541,39,31,8,3675,2144,1531
7,State - NCT OF DELHI (07),Urban,In-Speech,15-59,9671,5772,3899,4041,3516,525,5317,2028,3289
7,State - NCT OF DELHI (07),Urban,In-Speech,60+,1330,762,568,246,215,31,1058,527,531
7,State - NCT OF DELHI (07),Urban,In-Movement,Total,65498,39529,25969,19300,17163,2137,44500,20994,23506
7,State - NCT OF DELHI (07),Urban,In-Movement,0-14,5508,3265,2243,48,36,12,5444,3217,2227
7,State - NCT OF DELHI (07),Urban,In-Movement,15-59,40975,26904,14071,17196,15352,1844,22355,10383,11972
7,State - NCT OF DELHI (07),Urban,In-Movement,60+,18966,9330,9636,2038,1759,279,16670,7380,9290
7,State - NCT OF DELHI (07),Urban,In-Movement,Age not stated,49,30,19,18,16,2,31,14,17
7,State - NCT OF DELHI (07),Urban,Mental-Retardation,Total,15988,10140,5848,1496,1328,168,14294,8649,5645
7,State - NCT OF DELHI (07),Urban,Mental-Retardation,0-14,3982,2448,1534,19,15,4,3955,2428,1527
7,State - NCT OF DELHI (07),Urban,Mental-Retardation,15-59,11243,7261,3982,1400,1248,152,9667,5865,3802
7,State - NCT OF DELHI (07),Urban,Mental-Retardation,60+,745,419,326,75,63,12,656,346,310
7,State - NCT OF DELHI (07),Urban,Mental-Illness,Total,9799,6120,3679,974,870,104,8630,5088,3542
7,State - NCT OF DELHI (07),Urban,Mental-Illness,0-14,1479,920,559,9,7,2,1468,912,556
7,State - NCT OF DELHI (07),Urban,Mental-Illness,15-59,7271,4624,2647,903,810,93,6186,3661,2525
7,State - NCT OF DELHI (07),Urban,Mental-Illness,60+,1045,573,472,62,53,9,972,512,460
7,State - NCT OF DELHI (07),Urban,Any-Other,Total,36008,21197,14811,11176,9734,1442,23886,10729,13157
7,State - NCT OF DELHI (07),Urban,Any-Other,0-14,8403,4637,3766,71,50,21,8294,4559,3735
7,State - NCT OF DELHI (07),Urban,Any-Other,15-59,23276,14110,9166,10343,9026,1317,12134,4460,7674
7,State - NCT OF DELHI (07),Urban,Any-Other,60+,4217,2383,1834,735,634,101,3374,1668,1706
7,State - NCT OF DELHI (07),Urban,Any-Other,Age not stated,112,67,45,27,24,3,84,42,42
7,State - NCT OF DELHI (07),Urban,Multiple-Disability,Total,23712,13708,10004,2504,2204,300,20929,11293,9636
7,State - NCT OF DELHI (07),Urban,Multiple-Disability,0-14,5545,3338,2207,19,13,6,5512,3316,2196
7,State - NCT OF DELHI (07),Urban,Multiple-Disability,15-59,11389,7271,4118,2021,1802,219,9179,5314,3865
7,State - NCT OF DELHI (07),Urban,Multiple-Disability,60+,6750,3084,3666,464,389,75,6210,2648,3562
8,State - RAJASTHAN (08),Total,Total,Total,1563694,848287,715407,359658,280548,79110,1021852,477864,543988
8,State - RAJASTHAN (08),Total,Total,0-14,254744,146761,107983,3136,1852,1284,245437,141760,103677
8,State - RAJASTHAN (08),Total,Total,15-59,744346,453608,290738,286103,225249,60854,334950,166846,168104
8,State - RAJASTHAN (08),Total,Total,60+,558192,244632,313560,69231,52558,16673,436924,167211,269713
8,State - RAJASTHAN (08),Total,Total,Age not stated,6412,3286,3126,1188,889,299,4541,2047,2494
8,State - RAJASTHAN (08),Total,In-Seeing,Total,314618,156044,158574,76843,58629,18214,199204,80637,118567
8,State - RAJASTHAN (08),Total,In-Seeing,0-14,49662,26920,22742,649,364,285,47790,25968,21822
8,State - RAJASTHAN (08),Total,In-Seeing,15-59,127305,70258,57047,55475,42615,12860,49839,18450,31389
8,State - RAJASTHAN (08),Total,In-Seeing,60+,136575,58386,78189,20521,15512,5009,100825,35936,64889
8,State - RAJASTHAN (08),Total,In-Seeing,Age not stated,1076,480,596,198,138,60,750,283,467
8,State - RAJASTHAN (08),Total,In-Hearing,Total,218873,113199,105674,61236,46687,14549,128723,53979,74744
8,State - RAJASTHAN (08),Total,In-Hearing,0-14,40421,21652,18769,609,362,247,38679,20749,17930
8,State - RAJASTHAN (08),Total,In-Hearing,15-59,99654,56124,43530,47026,35943,11083,34576,12633,21943
8,State - RAJASTHAN (08),Total,In-Hearing,60+,77993,35010,42983,13420,10245,3175,54960,20377,34583
8,State - RAJASTHAN (08),Total,In-Hearing,Age not stated,805,413,392,181,137,44,508,220,288
8,State - RAJASTHAN (08),Total,In-Speech,Total,69484,42182,27302,20996,16694,4302,40352,21464,18888
8,State - RAJASTHAN (08),Total,In-Speech,0-14,20641,12847,7794,291,179,112,19763,12326,7437
8,State - RAJASTHAN (08),Total,In-Speech,15-59,41646,25302,16344,18809,15004,3805,16078,7013,9065
8,State - RAJASTHAN (08),Total,In-Speech,60+,7004,3910,3094,1850,1472,378,4393,2057,2336
8,State - RAJASTHAN (08),Total,In-Speech,Age not stated,193,123,70,46,39,7,118,68,50
8,State - RAJASTHAN (08),Total,In-Movement,Total,427364,241049,186315,100231,81184,19047,276934,132089,144845
8,State - RAJASTHAN (08),Total,In-Movement,0-14,34560,21287,13273,364,244,120,33365,20582,12783
8,State - RAJASTHAN (08),Total,In-Movement,15-59,215734,139810,75924,81653,66853,14800,99019,53005,46014
8,State - RAJASTHAN (08),Total,In-Movement,60+,175424,79117,96307,17897,13843,4054,143390,58010,85380
8,State - RAJASTHAN (08),Total,In-Movement,Age not stated,1646,835,811,317,244,73,1160,492,668
8,State - RAJASTHAN (08),Total,Mental-Retardation,Total,81389,52533,28856,12826,10218,2608,58831,36486,22345
8,State - RAJASTHAN (08),Total,Mental-Retardation,0-14,22287,13963,8324,248,150,98,21404,13454,7950
8,State - RAJASTHAN (08),Total,Mental-Retardation,15-59,53637,35650,17987,11694,9395,2299,33510,21119,12391
8,State - RAJASTHAN (08),Total,Mental-Retardation,60+,5179,2732,2447,848,645,203,3713,1778,1935
8,State - RAJASTHAN (08),Total,Mental-Retardation,Age not stated,286,188,98,36,28,8,204,135,69
8,State - RAJASTHAN (08),Total,Mental-Illness,Total,41047,25233,15814,6214,4766,1448,30158,17827,12331
8,State - RAJASTHAN (08),Total,Mental-Illness,0-14,4921,2938,1983,55,38,17,4761,2852,1909
8,State - RAJASTHAN (08),Total,Mental-Illness,15-59,31016,19701,11315,5603,4325,1278,21296,13003,8293
8,State - RAJASTHAN (08),Total,Mental-Illness,60+,4973,2503,2470,542,394,148,3990,1897,2093
8,State - RAJASTHAN (08),Total,Mental-Illness,Age not stated,137,91,46,14,9,5,111,75,36
8,State - RAJASTHAN (08),Total,Any-Other,Total,199696,113458,86238,63370,48994,14376,109144,51748,57396
8,State - RAJASTHAN (08),Total,Any-Other,0-14,51490,27960,23530,709,388,321,49520,26975,22545
8,State - RAJASTHAN (08),Total,Any-Other,15-59,115324,69168,46156,54997,42763,12234,38638,16257,22381
8,State - RAJASTHAN (08),Total,Any-Other,60+,31525,15585,15940,7339,5601,1738,20089,8073,12016
8,State - RAJASTHAN (08),Total,Any-Other,Age not stated,1357,745,612,325,242,83,897,443,454
8,State - RAJASTHAN (08),Total,Multiple-Disability,Total,211223,104589,106634,17942,13376,4566,178506,83634,94872
8,State - RAJASTHAN (08),Total,Multiple-Disability,0-14,30762,19194,11568,211,127,84,30155,18854,11301
8,State - RAJASTHAN (08),Total,Multiple-Disability,15-59,60030,37595,22435,10846,8351,2495,41994,25366,16628
8,State - RAJASTHAN (08),Total,Multiple-Disability,60+,119519,47389,72130,6814,4846,1968,105564,39083,66481
8,State - RAJASTHAN (08),Total,Multiple-Disability,Age not stated,912,411,501,71,52,19,793,331,462
8,State - RAJASTHAN (08),Rural,Total,Total,1219186,655135,564051,272627,205724,66903,779703,369387,410316
8,State - RAJASTHAN (08),Rural,Total,0-14,190339,110424,79915,2363,1332,1031,182405,106284,76121
8,State - RAJASTHAN (08),Rural,Total,15-59,542874,333506,209368,210522,159910,50612,221113,120004,101109
8,State - RAJASTHAN (08),Rural,Total,60+,480636,208521,272115,58795,43790,15005,372422,141418,231004
8,State - RAJASTHAN (08),Rural,Total,Age not stated,5337,2684,2653,947,692,255,3763,1681,2082
8,State - RAJASTHAN (08),Rural,In-Seeing,Total,238859,116476,122383,56239,41153,15086,147472,60563,86909
8,State - RAJASTHAN (08),Rural,In-Seeing,0-14,33611,18200,15411,431,218,213,32156,17508,14648
8,State - RAJASTHAN (08),Rural,In-Seeing,15-59,85820,47569,38251,38076,27756,10320,28256,12110,16146
8,State - RAJASTHAN (08),Rural,In-Seeing,60+,118541,50328,68213,17580,13077,4503,86442,30721,55721
8,State - RAJASTHAN (08),Rural,In-Seeing,Age not stated,887,379,508,152,102,50,618,224,394
8,State - RAJASTHAN (08),Rural,In-Hearing,Total,160791,82121,78670,44621,32508,12113,90079,38722,51357
8,State - RAJASTHAN (08),Rural,In-Hearing,0-14,28087,15070,13017,452,253,199,26635,14345,12290
8,State - RAJASTHAN (08),Rural,In-Hearing,15-59,66622,37674,28948,32654,23633,9021,18100,7780,10320
8,State - RAJASTHAN (08),Rural,In-Hearing,60+,65440,29044,36396,11367,8512,2855,44958,16426,28532
8,State - RAJASTHAN (08),Rural,In-Hearing,Age not stated,642,333,309,148,110,38,386,171,215
8,State - RAJASTHAN (08),Rural,In-Speech,Total,47865,29685,18180,14480,11016,3464,26082,15190,10892
8,State - RAJASTHAN (08),Rural,In-Speech,0-14,15670,9930,5740,230,143,87,14897,9472,5425
8,State - RAJASTHAN (08),Rural,In-Speech,15-59,27218,16995,10223,12868,9811,3057,8313,4373,3940
8,State - RAJASTHAN (08),Rural,In-Speech,60+,4818,2656,2162,1344,1030,314,2778,1288,1490
8,State - RAJASTHAN (08),Rural,In-Speech,Age not stated,159,104,55,38,32,6,94,57,37
8,State - RAJASTHAN (08),Rural,In-Movement,Total,350056,195563,154493,78475,62232,16243,225062,108119,116943
8,State - RAJASTHAN (08),Rural,In-Movement,0-14,28372,17530,10842,284,184,100,27293,16907,10386
8,State - RAJASTHAN (08),Rural,In-Movement,15-59,169316,109772,59544,62770,50307,12463,74401,41604,32797
8,State - RAJASTHAN (08),Rural,In-Movement,60+,150980,67573,83407,15172,11554,3618,122381,49192,73189
8,State - RAJASTHAN (08),Rural,In-Movement,Age not stated,1388,688,700,249,187,62,987,416,571
8,State - RAJASTHAN (08),Rural,Mental-Retardation,Total,61380,39674,21706,10347,8045,2302,42044,26342,15702
8,State - RAJASTHAN (08),Rural,Mental-Retardation,0-14,17819,11150,6669,213,129,84,17007,10684,6323
8,State - RAJASTHAN (08),Rural,Mental-Retardation,15-59,39252,26259,12993,9399,7375,2024,22079,14236,7843
8,State - RAJASTHAN (08),Rural,Mental-Retardation,60+,4088,2123,1965,704,518,186,2811,1325,1486
8,State - RAJASTHAN (08),Rural,Mental-Retardation,Age not stated,221,142,79,31,23,8,147,97,50
8,State - RAJASTHAN (08),Rural,Mental-Illness,Total,31241,19044,12197,5233,3896,1337,21708,12804,8904
8,State - RAJASTHAN (08),Rural,Mental-Illness,0-14,3740,2251,1489,45,31,14,3601,2176,1425
8,State - RAJASTHAN (08),Rural,Mental-Illness,15-59,23427,14747,8680,4710,3529,1181,14938,9118,5820
8,State - RAJASTHAN (08),Rural,Mental-Illness,60+,3972,1982,1990,467,330,137,3088,1457,1631
8,State - RAJASTHAN (08),Rural,Mental-Illness,Age not stated,102,64,38,11,6,5,81,53,28
8,State - RAJASTHAN (08),Rural,Any-Other,Total,149770,85184,64586,48282,36038,12244,76890,38092,38798
8,State - RAJASTHAN (08),Rural,Any-Other,0-14,38700,21007,17693,541,273,268,37011,20205,16806
8,State - RAJASTHAN (08),Rural,Any-Other,15-59,84155,50995,33160,41375,31036,10339,23284,11248,12036
8,State - RAJASTHAN (08),Rural,Any-Other,60+,25795,12571,13224,6110,4543,1567,15858,6270,9588
8,State - RAJASTHAN (08),Rural,Any-Other,Age not stated,1120,611,509,256,186,70,737,369,368
8,State - RAJASTHAN (08),Rural,Multiple-Disability,Total,179224,87388,91836,14950,10836,4114,150366,69555,80811
8,State - RAJASTHAN (08),Rural,Multiple-Disability,0-14,24340,15286,9054,167,101,66,23805,14987,8818
8,State - RAJASTHAN (08),Rural,Multiple-Disability,15-59,47064,29495,17569,8670,6463,2207,31742,19535,12207
8,State - RAJASTHAN (08),Rural,Multiple-Disability,60+,107002,42244,64758,6051,4226,1825,94106,34739,59367
8,State - RAJASTHAN (08),Rural,Multiple-Disability,Age not stated,818,363,455,62,46,16,713,294,419
8,State - RAJASTHAN (08),Urban,Total,Total,344508,193152,151356,87031,74824,12207,242149,108477,133672
8,State - RAJASTHAN (08),Urban,Total,0-14,64405,36337,28068,773,520,253,63032,35476,27556
8,State - RAJASTHAN (08),Urban,Total,15-59,201472,120102,81370,75581,65339,10242,113837,46842,66995
8,State - RAJASTHAN (08),Urban,Total,60+,77556,36111,41445,10436,8768,1668,64502,25793,38709
8,State - RAJASTHAN (08),Urban,Total,Age not stated,1075,602,473,241,197,44,778,366,412
8,State - RAJASTHAN (08),Urban,In-Seeing,Total,75759,39568,36191,20604,17476,3128,51732,20074,31658
8,State - RAJASTHAN (08),Urban,In-Seeing,0-14,16051,8720,7331,218,146,72,15634,8460,7174
8,State - RAJASTHAN (08),Urban,In-Seeing,15-59,41485,22689,18796,17399,14859,2540,21583,6340,15243
8,State - RAJASTHAN (08),Urban,In-Seeing,60+,18034,8058,9976,2941,2435,506,14383,5215,9168
8,State - RAJASTHAN (08),Urban,In-Seeing,Age not stated,189,101,88,46,36,10,132,59,73
8,State - RAJASTHAN (08),Urban,In-Hearing,Total,58082,31078,27004,16615,14179,2436,38644,15257,23387
8,State - RAJASTHAN (08),Urban,In-Hearing,0-14,12334,6582,5752,157,109,48,12044,6404,5640
8,State - RAJASTHAN (08),Urban,In-Hearing,15-59,33032,18450,14582,14372,12310,2062,16476,4853,11623
8,State - RAJASTHAN (08),Urban,In-Hearing,60+,12553,5966,6587,2053,1733,320,10002,3951,6051
8,State - RAJASTHAN (08),Urban,In-Hearing,Age not stated,163,80,83,33,27,6,122,49,73
8,State - RAJASTHAN (08),Urban,In-Speech,Total,21619,12497,9122,6516,5678,838,14270,6274,7996
8,State - RAJASTHAN (08),Urban,In-Speech,0-14,4971,2917,2054,61,36,25,4866,2854,2012
8,State - RAJASTHAN (08),Urban,In-Speech,15-59,14428,8307,6121,5941,5193,748,7765,2640,5125
8,State - RAJASTHAN (08),Urban,In-Speech,60+,2186,1254,932,506,442,64,1615,769,846
8,State - RAJASTHAN (08),Urban,In-Speech,Age not stated,34,19,15,8,7,1,24,11,13
8,State - RAJASTHAN (08),Urban,In-Movement,Total,77308,45486,31822,21756,18952,2804,51872,23970,27902
8,State - RAJASTHAN (08),Urban,In-Movement,0-14,6188,3757,2431,80,60,20,6072,3675,2397
8,State - RAJASTHAN (08),Urban,In-Movement,15-59,46418,30038,16380,18883,16546,2337,24618,11401,13217
8,State - RAJASTHAN (08),Urban,In-Movement,60+,24444,11544,12900,2725,2289,436,21009,8818,12191
8,State - RAJASTHAN (08),Urban,In-Movement,Age not stated,258,147,111,68,57,11,173,76,97
8,State - RAJASTHAN (08),Urban,Mental-Retardation,Total,20009,12859,7150,2479,2173,306,16787,10144,6643
8,State - RAJASTHAN (08),Urban,Mental-Retardation,0-14,4468,2813,1655,35,21,14,4397,2770,1627
8,State - RAJASTHAN (08),Urban,Mental-Retardation,15-59,14385,9391,4994,2295,2020,275,11431,6883,4548
8,State - RAJASTHAN (08),Urban,Mental-Retardation,60+,1091,609,482,144,127,17,902,453,449
8,State - RAJASTHAN (08),Urban,Mental-Illness,Total,9806,6189,3617,981,870,111,8450,5023,3427
8,State - RAJASTHAN (08),Urban,Mental-Illness,0-14,1181,687,494,10,7,3,1160,676,484
8,State - RAJASTHAN (08),Urban,Mental-Illness,15-59,7589,4954,2635,893,796,97,6358,3885,2473
8,State - RAJASTHAN (08),Urban,Mental-Illness,60+,1001,521,480,75,64,11,902,440,462
8,State - RAJASTHAN (08),Urban,Any-Other,Total,49926,28274,21652,15088,12956,2132,32254,13656,18598
8,State - RAJASTHAN (08),Urban,Any-Other,0-14,12790,6953,5837,168,115,53,12509,6770,5739
8,State - RAJASTHAN (08),Urban,Any-Other,15-59,31169,18173,12996,13622,11727,1895,15354,5009,10345
8,State - RAJASTHAN (08),Urban,Any-Other,60+,5730,3014,2716,1229,1058,171,4231,1803,2428
8,State - RAJASTHAN (08),Urban,Any-Other,Age not stated,237,134,103,69,56,13,160,74,86
8,State - RAJASTHAN (08),Urban,Multiple-Disability,Total,31999,17201,14798,2992,2540,452,28140,14079,14061
8,State - RAJASTHAN (08),Urban,Multiple-Disability,0-14,6422,3908,2514,44,26,18,6350,3867,2483
8,State - RAJASTHAN (08),Urban,Multiple-Disability,15-59,12966,8100,4866,2176,1888,288,10252,5831,4421
8,State - RAJASTHAN (08),Urban,Multiple-Disability,60+,12517,5145,7372,763,620,143,11458,4344,7114
8,State - RAJASTHAN (08),Urban,Multiple-Disability,Age not stated,94,48,46,9,6,3,80,37,43
9,State - UTTAR PRADESH (09),Total,Total,Total,4157514,2364171,1793343,935988,779304,156684,2711121,1259802,1451319
9,State - UTTAR PRADESH (09),Total,Total,0-14,1091421,596245,495176,25155,15807,9348,1030989,560803,470186
9,State - UTTAR PRADESH (09),Total,Total,15-59,2364337,1393231,971106,734953,616252,118701,1238889,524514,714375
9,State - UTTAR PRADESH (09),Total,Total,60+,660245,351486,308759,166770,139933,26837,414320,161932,252388
9,State - UTTAR PRADESH (09),Total,Total,Age not stated,41511,23209,18302,9110,7312,1798,26923,12553,14370
9,State - UTTAR PRADESH (09),Total,In-Seeing,Total,763988,407862,356126,172334,142221,30113,499377,209274,290103
9,State - UTTAR PRADESH (09),Total,In-Seeing,0-14,198988,105253,93735,4224,2608,1616,188785,99328,89457
9,State - UTTAR PRADESH (09),Total,In-Seeing,15-59,386022,212164,173858,125049,103494,21555,195008,68041,126967
9,State - UTTAR PRADESH (09),Total,In-Seeing,60+,171630,86499,85131,41421,34803,6618,110871,39886,70985
9,State - UTTAR PRADESH (09),Total,In-Seeing,Age not stated,7348,3946,3402,1640,1316,324,4713,2019,2694
9,State - UTTAR PRADESH (09),Total,In-Hearing,Total,1027835,545179,482656,240228,192996,47232,654886,274036,380850
9,State - UTTAR PRADESH (09),Total,In-Hearing,0-14,306331,160007,146324,8311,4991,3320,286449,148852,137597
9,State - UTTAR PRADESH (09),Total,In-Hearing,15-59,564084,303458,260626,186669,150831,35838,277743,93464,184279
9,State - UTTAR PRADESH (09),Total,In-Hearing,60+,146225,75784,70441,42672,35176,7496,83618,28650,54968
9,State - UTTAR PRADESH (09),Total,In-Hearing,Age not stated,11195,5930,5265,2576,1998,578,7076,3070,4006
9,State - UTTAR PRADESH (09),Total,In-Speech,Total,266586,151170,115416,63030,52688,10342,170352,77405,92947
9,State - UTTAR PRADESH (09),Total,In-Speech,0-14,75517,42436,33081,1611,1042,569,71725,40125,31600
9,State - UTTAR PRADESH (09),Total,In-Speech,15-59,163324,92960,70364,52477,44102,8375,83734,31595,52139
9,State - UTTAR PRADESH (09),Total,In-Speech,60+,25236,14391,10845,8371,7077,1294,13266,4971,8295
9,State - UTTAR PRADESH (09),Total,In-Speech,Age not stated,2509,1383,1126,571,467,104,1627,714,913
9,State - UTTAR PRADESH (09),Total,In-Movement,Total,677713,441615,236098,165529,147715,17814,433820,235147,198673
9,State - UTTAR PRADESH (09),Total,In-Movement,0-14,99927,60793,39134,1627,1223,404,96035,58142,37893
9,State - UTTAR PRADESH (09),Total,In-Movement,15-59,438196,300155,138041,134679,120931,13748,241205,131492,109713
9,State - UTTAR PRADESH (09),Total,In-Movement,60+,135521,78023,57498,28263,24722,3541,93992,44086,49906
9,State - UTTAR PRADESH (09),Total,In-Movement,Age not stated,4069,2644,1425,960,839,121,2588,1427,1161
9,State - UTTAR PRADESH (09),Total,Mental-Retardation,Total,181342,113841,67501,27387,23583,3804,135572,77235,58337
9,State - UTTAR PRADESH (09),Total,Mental-Retardation,0-14,49987,29437,20550,726,499,227,48199,28285,19914
9,State - UTTAR PRADESH (09),Total,Mental-Retardation,15-59,119134,77435,41699,23646,20563,3083,79716,45472,34244
9,State - UTTAR PRADESH (09),Total,Mental-Retardation,60+,10852,6135,4717,2788,2330,458,6683,2951,3732
9,State - UTTAR PRADESH (09),Total,Mental-Retardation,Age not stated,1369,834,535,227,191,36,974,527,447
9,State - UTTAR PRADESH (09),Total,Mental-Illness,Total,76603,49121,27482,10001,8745,1256,59742,35357,24385
9,State - UTTAR PRADESH (09),Total,Mental-Illness,0-14,13679,8305,5374,211,141,70,13218,8000,5218
9,State - UTTAR PRADESH (09),Total,Mental-Illness,15-59,55622,36663,18959,8502,7514,988,41175,24734,16441
9,State - UTTAR PRADESH (09),Total,Mental-Illness,60+,6822,3854,2968,1224,1038,186,4989,2414,2575
9,State - UTTAR PRADESH (09),Total,Mental-Illness,Age not stated,480,299,181,64,52,12,360,209,151
9,State - UTTAR PRADESH (09),Total,Any-Other,Total,946436,528964,417472,229843,188210,41633,585350,259454,325896
9,State - UTTAR PRADESH (09),Total,Any-Other,0-14,291233,156125,135108,7658,4766,2892,272676,145330,127346
9,State - UTTAR PRADESH (09),Total,Any-Other,15-59,539213,307619,231594,185691,153262,32429,251394,90452,160942
9,State - UTTAR PRADESH (09),Total,Any-Other,60+,102841,57829,45012,33590,27870,5720,52814,19663,33151
9,State - UTTAR PRADESH (09),Total,Any-Other,Age not stated,13149,7391,5758,2904,2312,592,8466,4009,4457
9,State - UTTAR PRADESH (09),Total,Multiple-Disability,Total,217011,126419,90592,27636,23146,4490,172022,91894,80128
9,State - UTTAR PRADESH (09),Total,Multiple-Disability,0-14,55759,33889,21870,787,537,250,53902,32741,21161
9,State - UTTAR PRADESH (09),Total,Multiple-Disability,15-59,98742,62777,35965,18240,15555,2685,68914,39264,29650
9,State - UTTAR PRADESH (09),Total,Multiple-Disability,60+,61118,28971,32147,8441,6917,1524,48087,19311,28776
9,State - UTTAR PRADESH (09),Total,Multiple-Disability,Age not stated,1392,782,610,168,137,31,1119,578,541
9,State - UTTAR PRADESH (09),Rural,Total,Total,3166615,1803715,1362900,692942,573097,119845,2047528,961932,1085596
9,State - UTTAR PRADESH (09),Rural,Total,0-14,857093,468116,388977,18394,11492,6902,811756,441710,370046
9,State - UTTAR PRADESH (09),Rural,Total,15-59,1746470,1035348,711122,532157,442804,89353,888690,384360,504330
9,State - UTTAR PRADESH (09),Rural,Total,60+,533915,283955,249960,136175,113879,22296,328236,126958,201278
9,State - UTTAR PRADESH (09),Rural,Total,Age not stated,29137,16296,12841,6216,4922,1294,18846,8904,9942
9,State - UTTAR PRADESH (09),Rural,In-Seeing,Total,579182,307821,271361,124700,101750,22950,376686,159261,217425
9,State - UTTAR PRADESH (09),Rural,In-Seeing,0-14,153678,80962,72716,2900,1805,1095,146274,76659,69615
9,State - UTTAR PRADESH (09),Rural,In-Seeing,15-59,279080,153177,125903,86590,70565,16025,137245,49162,88083
9,State - UTTAR PRADESH (09),Rural,In-Seeing,60+,141196,70898,70298,34079,28499,5580,89837,31997,57840
9,State - UTTAR PRADESH (09),Rural,In-Seeing,Age not stated,5228,2784,2444,1131,881,250,3330,1443,1887
9,State - UTTAR PRADESH (09),Rural,In-Hearing,Total,753704,398665,355039,171531,135916,35615,475183,200717,274466
9,State - UTTAR PRADESH (09),Rural,In-Hearing,0-14,234644,122464,112180,6037,3588,2449,220209,114464,105745
9,State - UTTAR PRADESH (09),Rural,In-Hearing,15-59,395280,211956,183324,129295,102699,26596,185774,62541,123233
9,State - UTTAR PRADESH (09),Rural,In-Hearing,60+,116786,60547,56239,34612,28430,6182,64790,21776,43014
9,State - UTTAR PRADESH (09),Rural,In-Hearing,Age not stated,6994,3698,3296,1587,1199,388,4410,1936,2474
9,State - UTTAR PRADESH (09),Rural,In-Speech,Total,202152,114665,87487,46066,38170,7896,128007,58883,69124
9,State - UTTAR PRADESH (09),Rural,In-Speech,0-14,59942,33688,26254,1226,781,445,56987,31906,25081
9,State - UTTAR PRADESH (09),Rural,In-Speech,15-59,120735,68791,51944,37764,31475,6289,59957,22841,37116
9,State - UTTAR PRADESH (09),Rural,In-Speech,60+,19614,11150,8464,6645,5565,1080,9887,3609,6278
9,State - UTTAR PRADESH (09),Rural,In-Speech,Age not stated,1861,1036,825,431,349,82,1176,527,649
9,State - UTTAR PRADESH (09),Rural,In-Movement,Total,543203,355061,188142,128860,114946,13914,346326,189488,156838
9,State - UTTAR PRADESH (09),Rural,In-Movement,0-14,82464,50152,32312,1239,924,315,79330,48039,31291
9,State - UTTAR PRADESH (09),Rural,In-Movement,15-59,347708,239423,108285,103780,93189,10591,189992,105189,84803
9,State - UTTAR PRADESH (09),Rural,In-Movement,60+,109948,63472,46476,23159,20238,2921,75034,35157,39877
9,State - UTTAR PRADESH (09),Rural,In-Movement,Age not stated,3083,2014,1069,682,595,87,1970,1103,867
9,State - UTTAR PRADESH (09),Rural,Mental-Retardation,Total,140097,88236,51861,21246,18258,2988,102952,58759,44193
9,State - UTTAR PRADESH (09),Rural,Mental-Retardation,0-14,40347,23769,16578,549,374,175,38964,22880,16084
9,State - UTTAR PRADESH (09),Rural,Mental-Retardation,15-59,90236,59072,31164,18276,15878,2398,58245,33319,24926
9,State - UTTAR PRADESH (09),Rural,Mental-Retardation,60+,8510,4782,3728,2248,1863,385,5043,2178,2865
9,State - UTTAR PRADESH (09),Rural,Mental-Retardation,Age not stated,1004,613,391,173,143,30,700,382,318
9,State - UTTAR PRADESH (09),Rural,Mental-Illness,Total,57497,37021,20476,7760,6754,1006,43882,26024,17858
9,State - UTTAR PRADESH (09),Rural,Mental-Illness,0-14,10615,6464,4151,161,106,55,10241,6211,4030
9,State - UTTAR PRADESH (09),Rural,Mental-Illness,15-59,41322,27432,13890,6586,5801,785,29651,17904,11747
9,State - UTTAR PRADESH (09),Rural,Mental-Illness,60+,5228,2929,2299,967,810,157,3738,1771,1967
9,State - UTTAR PRADESH (09),Rural,Mental-Illness,Age not stated,332,196,136,46,37,9,252,138,114
9,State - UTTAR PRADESH (09),Rural,Any-Other,Total,720020,402738,317282,171806,139759,32047,439407,196346,243061
9,State - UTTAR PRADESH (09),Rural,Any-Other,0-14,230821,123415,107406,5768,3546,2222,216562,115214,101348
9,State - UTTAR PRADESH (09),Rural,Any-Other,15-59,397666,227833,169833,136619,111909,24710,176352,63626,112726
9,State - UTTAR PRADESH (09),Rural,Any-Other,60+,81892,46101,35791,27364,22674,4690,40291,14558,25733
9,State - UTTAR PRADESH (09),Rural,Any-Other,Age not stated,9641,5389,4252,2055,1630,425,6202,2948,3254
9,State - UTTAR PRADESH (09),Rural,Multiple-Disability,Total,170760,99508,71252,20973,17544,3429,135085,72454,62631
9,State - UTTAR PRADESH (09),Rural,Multiple-Disability,0-14,44582,27202,17380,514,368,146,43189,26337,16852
9,State - UTTAR PRADESH (09),Rural,Multiple-Disability,15-59,74443,47664,26779,13247,11288,1959,51474,29778,21696
9,State - UTTAR PRADESH (09),Rural,Multiple-Disability,60+,50741,24076,26665,7101,5800,1301,39616,15912,23704
9,State - UTTAR PRADESH (09),Rural,Multiple-Disability,Age not stated,994,566,428,111,88,23,806,427,379
9,State - UTTAR PRADESH (09),Urban,Total,Total,990899,560456,430443,243046,206207,36839,663593,297870,365723
9,State - UTTAR PRADESH (09),Urban,Total,0-14,234328,128129,106199,6761,4315,2446,219233,119093,100140
9,State - UTTAR PRADESH (09),Urban,Total,15-59,617867,357883,259984,202796,173448,29348,350199,140154,210045
9,State - UTTAR PRADESH (09),Urban,Total,60+,126330,67531,58799,30595,26054,4541,86084,34974,51110
9,State - UTTAR PRADESH (09),Urban,Total,Age not stated,12374,6913,5461,2894,2390,504,8077,3649,4428
9,State - UTTAR PRADESH (09),Urban,In-Seeing,Total,184806,100041,84765,47634,40471,7163,122691,50013,72678
9,State - UTTAR PRADESH (09),Urban,In-Seeing,0-14,45310,24291,21019,1324,803,521,42511,22669,19842
9,State - UTTAR PRADESH (09),Urban,In-Seeing,15-59,106942,58987,47955,38459,32929,5530,57763,18879,38884
9,State - UTTAR PRADESH (09),Urban,In-Seeing,60+,30434,15601,14833,7342,6304,1038,21034,7889,13145
9,State - UTTAR PRADESH (09),Urban,In-Seeing,Age not stated,2120,1162,958,509,435,74,1383,576,807
9,State - UTTAR PRADESH (09),Urban,In-Hearing,Total,274131,146514,127617,68697,57080,11617,179703,73319,106384
9,State - UTTAR PRADESH (09),Urban,In-Hearing,0-14,71687,37543,34144,2274,1403,871,66240,34388,31852
9,State - UTTAR PRADESH (09),Urban,In-Hearing,15-59,168804,91502,77302,57374,48132,9242,91969,30923,61046
9,State - UTTAR PRADESH (09),Urban,In-Hearing,60+,29439,15237,14202,8060,6746,1314,18828,6874,11954
9,State - UTTAR PRADESH (09),Urban,In-Hearing,Age not stated,4201,2232,1969,989,799,190,2666,1134,1532
9,State - UTTAR PRADESH (09),Urban,In-Speech,Total,64434,36505,27929,16964,14518,2446,42345,18522,23823
9,State - UTTAR PRADESH (09),Urban,In-Speech,0-14,15575,8748,6827,385,261,124,14738,8219,6519
9,State - UTTAR PRADESH (09),Urban,In-Speech,15-59,42589,24169,18420,14713,12627,2086,23777,8754,15023
9,State - UTTAR PRADESH (09),Urban,In-Speech,60+,5622,3241,2381,1726,1512,214,3379,1362,2017
9,State - UTTAR PRADESH (09),Urban,In-Speech,Age not stated,648,347,301,140,118,22,451,187,264
9,State - UTTAR PRADESH (09),Urban,In-Movement,Total,134510,86554,47956,36669,32769,3900,87494,45659,41835
9,State - UTTAR PRADESH (09),Urban,In-Movement,0-14,17463,10641,6822,388,299,89,16705,10103,6602
9,State - UTTAR PRADESH (09),Urban,In-Movement,15-59,90488,60732,29756,30899,27742,3157,51213,26303,24910
9,State - UTTAR PRADESH (09),Urban,In-Movement,60+,25573,14551,11022,5104,4484,620,18958,8929,10029
9,State - UTTAR PRADESH (09),Urban,In-Movement,Age not stated,986,630,356,278,244,34,618,324,294
9,State - UTTAR PRADESH (09),Urban,Mental-Retardation,Total,41245,25605,15640,6141,5325,816,32620,18476,14144
9,State - UTTAR PRADESH (09),Urban,Mental-Retardation,0-14,9640,5668,3972,177,125,52,9235,5405,3830
9,State - UTTAR PRADESH (09),Urban,Mental-Retardation,15-59,28898,18363,10535,5370,4685,685,21471,12153,9318
9,State - UTTAR PRADESH (09),Urban,Mental-Retardation,60+,2342,1353,989,540,467,73,1640,773,867
9,State - UTTAR PRADESH (09),Urban,Mental-Retardation,Age not stated,365,221,144,54,48,6,274,145,129
9,State - UTTAR PRADESH (09),Urban,Mental-Illness,Total,19106,12100,7006,2241,1991,250,15860,9333,6527
9,State - UTTAR PRADESH (09),Urban,Mental-Illness,0-14,3064,1841,1223,50,35,15,2977,1789,1188
9,State - UTTAR PRADESH (09),Urban,Mental-Illness,15-59,14300,9231,5069,1916,1713,203,11524,6830,4694
9,State - UTTAR PRADESH (09),Urban,Mental-Illness,60+,1594,925,669,257,228,29,1251,643,608
9,State - UTTAR PRADESH (09),Urban,Mental-Illness,Age not stated,148,103,45,18,15,3,108,71,37
9,State - UTTAR PRADESH (09),Urban,Any-Other,Total,226416,126226,100190,58037,48451,9586,145943,63108,82835
9,State - UTTAR PRADESH (09),Urban,Any-Other,0-14,60412,32710,27702,1890,1220,670,56114,30116,25998
9,State - UTTAR PRADESH (09),Urban,Any-Other,15-59,141547,79786,61761,49072,41353,7719,75042,26826,48216
9,State - UTTAR PRADESH (09),Urban,Any-Other,60+,20949,11728,9221,6226,5196,1030,12523,5105,7418
9,State - UTTAR PRADESH (09),Urban,Any-Other,Age not stated,3508,2002,1506,849,682,167,2264,1061,1203
9,State - UTTAR PRADESH (09),Urban,Multiple-Disability,Total,46251,26911,19340,6663,5602,1061,36937,19440,17497
9,State - UTTAR PRADESH (09),Urban,Multiple-Disability,0-14,11177,6687,4490,273,169,104,10713,6404,4309
9,State - UTTAR PRADESH (09),Urban,Multiple-Disability,15-59,24299,15113,9186,4993,4267,726,17440,9486,7954
9,State - UTTAR PRADESH (09),Urban,Multiple-Disability,60+,10377,4895,5482,1340,1117,223,8471,3399,5072
9,State - UTTAR PRADESH (09),Urban,Multiple-Disability,Age not stated,398,216,182,57,49,8,313,151,162
10,State - BIHAR (10),Total,Total,Total,2331009,1343100,987909,517558,425693,91865,1465662,689062,776600
10,State - BIHAR (10),Total,Total,0-14,717505,388939,328566,13704,8358,5346,684598,369941,314657
10,State - BIHAR (10),Total,Total,15-59,1271354,757628,513726,411927,339925,72002,590508,240889,349619
10,State - BIHAR (10),Total,Total,60+,327172,187924,139248,88229,74638,13591,181795,73924,107871
10,State - BIHAR (10),Total,Total,Age not stated,14978,8609,6369,3698,2772,926,8761,4308,4453
10,State - BIHAR (10),Total,In-Seeing,Total,549080,297043,252037,121076,99207,21869,348085,147331,200754
10,State - BIHAR (10),Total,In-Seeing,0-14,181430,94959,86471,3096,1842,1254,174019,90756,83263
10,State - BIHAR (10),Total,In-Seeing,15-59,278058,154332,123726,94484,77693,16791,123469,38693,84776
10,State - BIHAR (10),Total,In-Seeing,60+,86219,45895,40324,22601,19034,3567,48668,16996,31672
10,State - BIHAR (10),Total,In-Seeing,Age not stated,3373,1857,1516,895,638,257,1929,886,1043
10,State - BIHAR (10),Total,In-Hearing,Total,572163,308071,264092,132615,105505,27110,350602,148688,201914
10,State - BIHAR (10),Total,In-Hearing,0-14,192610,99847,92763,4319,2501,1818,182024,94016,88008
10,State - BIHAR (10),Total,In-Hearing,15-59,303520,166073,137447,105435,84072,21363,129917,40933,88984
10,State - BIHAR (10),Total,In-Hearing,60+,71264,39475,31789,21702,18069,3633,35877,12422,23455
10,State - BIHAR (10),Total,In-Hearing,Age not stated,4769,2676,2093,1159,863,296,2784,1317,1467
10,State - BIHAR (10),Total,In-Speech,Total,170845,97893,72952,40023,32701,7322,105871,48961,56910
10,State - BIHAR (10),Total,In-Speech,0-14,54162,30378,23784,1123,706,417,51645,28853,22792
10,State - BIHAR (10),Total,In-Speech,15-59,100878,58471,42407,33596,27669,5927,46601,17287,29314
10,State - BIHAR (10),Total,In-Speech,60+,14759,8448,6311,5015,4099,916,7040,2547,4493
10,State - BIHAR (10),Total,In-Speech,Age not stated,1046,596,450,289,227,62,585,274,311
10,State - BIHAR (10),Total,In-Movement,Total,369577,245576,124001,86099,76344,9755,228855,127094,101761
10,State - BIHAR (10),Total,In-Movement,0-14,73956,44421,29535,885,657,228,71739,42900,28839
10,State - BIHAR (10),Total,In-Movement,15-59,218581,151858,66723,67217,59624,7593,109641,59952,49689
10,State - BIHAR (10),Total,In-Movement,60+,76059,48647,27412,17755,15852,1903,46877,23905,22972
10,State - BIHAR (10),Total,In-Movement,Age not stated,981,650,331,242,211,31,598,337,261
10,State - BIHAR (10),Total,Mental-Retardation,Total,89251,55335,33916,14594,12141,2453,62895,35023,27872
10,State - BIHAR (10),Total,Mental-Retardation,0-14,26663,15411,11252,380,237,143,25701,14849,10852
10,State - BIHAR (10),Total,Mental-Retardation,15-59,55946,36099,19847,12514,10487,2027,33439,18591,14848
10,State - BIHAR (10),Total,Mental-Retardation,60+,6316,3616,2700,1638,1369,269,3539,1456,2083
10,State - BIHAR (10),Total,Mental-Retardation,Age not stated,326,209,117,62,48,14,216,127,89
10,State - BIHAR (10),Total,Mental-Illness,Total,37521,24901,12620,5422,4645,777,27515,16817,10698
10,State - BIHAR (10),Total,Mental-Illness,0-14,7368,4513,2855,78,57,21,7134,4364,2770
10,State - BIHAR (10),Total,Mental-Illness,15-59,26275,18027,8248,4602,3960,642,17828,11142,6686
10,State - BIHAR (10),Total,Mental-Illness,60+,3764,2287,1477,730,618,112,2461,1257,1204
10,State - BIHAR (10),Total,Mental-Illness,Age not stated,114,74,40,12,10,2,92,54,38
10,State - BIHAR (10),Total,Any-Other,Total,431728,246460,185268,103907,83802,20105,256346,116536,139810
10,State - BIHAR (10),Total,Any-Other,0-14,146490,77910,68580,3416,2091,1325,138546,73356,65190
10,State - BIHAR (10),Total,Any-Other,15-59,235410,138901,96509,84363,68328,16035,94607,34046,60561
10,State - BIHAR (10),Total,Any-Other,60+,45926,27391,18535,15190,12687,2503,20918,7976,12942
10,State - BIHAR (10),Total,Any-Other,Age not stated,3902,2258,1644,938,696,242,2275,1158,1117
10,State - BIHAR (10),Total,Multiple-Disability,Total,110844,67821,43023,13822,11348,2474,85493,48612,36881
10,State - BIHAR (10),Total,Multiple-Disability,0-14,34826,21500,13326,407,267,140,33790,20847,12943
10,State - BIHAR (10),Total,Multiple-Disability,15-59,52686,33867,18819,9716,8092,1624,35006,20245,14761
10,State - BIHAR (10),Total,Multiple-Disability,60+,22865,12165,10700,3598,2910,688,16415,7365,9050
10,State - BIHAR (10),Total,Multiple-Disability,Age not stated,467,289,178,101,79,22,282,155,127
10,State - BIHAR (10),Rural,Total,Total,2046351,1180813,865538,451723,369066,82657,1271074,599773,671301
10,State - BIHAR (10),Rural,Total,0-14,640111,347386,292725,12182,7399,4783,610745,330447,280298
10,State - BIHAR (10),Rural,Total,15-59,1100210,657758,442452,357133,292594,64539,493011,201263,291748
10,State - BIHAR (10),Rural,Total,60+,293393,168399,124994,79246,66740,12506,160037,64479,95558
10,State - BIHAR (10),Rural,Total,Age not stated,12637,7270,5367,3162,2333,829,7281,3584,3697
10,State - BIHAR (10),Rural,In-Seeing,Total,480118,259515,220603,105012,85222,19790,300588,127477,173111
10,State - BIHAR (10),Rural,In-Seeing,0-14,160959,84155,76804,2782,1635,1147,154271,80388,73883
10,State - BIHAR (10),Rural,In-Seeing,15-59,238690,132651,106039,81144,66023,15121,101592,31550,70042
10,State - BIHAR (10),Rural,In-Seeing,60+,77577,41126,36451,20302,17018,3284,43110,14808,28302
10,State - BIHAR (10),Rural,In-Seeing,Age not stated,2892,1583,1309,784,546,238,1615,731,884
10,State - BIHAR (10),Rural,In-Hearing,Total,497756,268272,229484,114730,90549,24181,300912,128141,172771
10,State - BIHAR (10),Rural,In-Hearing,0-14,170933,88714,82219,3819,2224,1595,161551,83554,77997
10,State - BIHAR (10),Rural,In-Hearing,15-59,259644,142363,117281,90584,71612,18972,106147,32990,73157
10,State - BIHAR (10),Rural,In-Hearing,60+,63235,34979,28256,19345,15990,3355,30976,10535,20441
10,State - BIHAR (10),Rural,In-Hearing,Age not stated,3944,2216,1728,982,723,259,2238,1062,1176
10,State - BIHAR (10),Rural,In-Speech,Total,150197,86236,63961,34998,28341,6657,91950,42798,49152
10,State - BIHAR (10),Rural,In-Speech,0-14,48553,27296,21257,1011,634,377,46308,25925,20383
10,State - BIHAR (10),Rural,In-Speech,15-59,87759,51003,36756,29273,23894,5379,39152,14517,24635
10,State - BIHAR (10),Rural,In-Speech,60+,12992,7426,5566,4464,3620,844,5998,2124,3874
10,State - BIHAR (10),Rural,In-Speech,Age not stated,893,511,382,250,193,57,492,232,260
10,State - BIHAR (10),Rural,In-Movement,Total,330394,220062,110332,76241,67480,8761,202544,112828,89716
10,State - BIHAR (10),Rural,In-Movement,0-14,67067,40362,26705,788,586,202,65056,38979,26077
10,State - BIHAR (10),Rural,In-Movement,15-59,193376,134822,58554,59023,52258,6765,95052,52212,42840
10,State - BIHAR (10),Rural,In-Movement,60+,69088,44310,24778,16221,14457,1764,41916,21343,20573
10,State - BIHAR (10),Rural,In-Movement,Age not stated,863,568,295,209,179,30,520,294,226
10,State - BIHAR (10),Rural,Mental-Retardation,Total,78520,48621,29899,13082,10819,2263,54268,30074,24194
10,State - BIHAR (10),Rural,Mental-Retardation,0-14,23869,13820,10049,347,219,128,22977,13302,9675
10,State - BIHAR (10),Rural,Mental-Retardation,15-59,48700,31379,17321,11200,9319,1881,28004,15412,12592
10,State - BIHAR (10),Rural,Mental-Retardation,60+,5676,3240,2436,1480,1236,244,3110,1253,1857
10,State - BIHAR (10),Rural,Mental-Retardation,Age not stated,275,182,93,55,45,10,177,107,70
10,State - BIHAR (10),Rural,Mental-Illness,Total,32691,21594,11097,4911,4190,721,23432,14158,9274
10,State - BIHAR (10),Rural,Mental-Illness,0-14,6614,4048,2566,68,49,19,6396,3909,2487
10,State - BIHAR (10),Rural,Mental-Illness,15-59,22631,15463,7168,4172,3578,594,14813,9126,5687
10,State - BIHAR (10),Rural,Mental-Illness,60+,3348,2019,1329,660,554,106,2145,1077,1068
10,State - BIHAR (10),Rural,Mental-Illness,Age not stated,98,64,34,11,9,2,78,46,32
10,State - BIHAR (10),Rural,Any-Other,Total,378081,216107,161974,90424,72411,18013,221837,101240,120597
10,State - BIHAR (10),Rural,Any-Other,0-14,130790,69595,61195,3008,1819,1189,123794,65584,58210
10,State - BIHAR (10),Rural,Any-Other,15-59,203103,120235,82868,73117,58777,14340,77957,27874,50083
10,State - BIHAR (10),Rural,Any-Other,60+,40913,24374,16539,13516,11244,2272,18171,6805,11366
10,State - BIHAR (10),Rural,Any-Other,Age not stated,3275,1903,1372,783,571,212,1915,977,938
10,State - BIHAR (10),Rural,Multiple-Disability,Total,98594,60406,38188,12325,10054,2271,75543,43057,32486
10,State - BIHAR (10),Rural,Multiple-Disability,0-14,31326,19396,11930,359,233,126,30392,18806,11586
10,State - BIHAR (10),Rural,Multiple-Disability,15-59,46307,29842,16465,8620,7133,1487,30294,17582,12712
10,State - BIHAR (10),Rural,Multiple-Disability,60+,20564,10925,9639,3258,2621,637,14611,6534,8077
10,State - BIHAR (10),Rural,Multiple-Disability,Age not stated,397,243,154,88,67,21,246,135,111
10,State - BIHAR (10),Urban,Total,Total,284658,162287,122371,65835,56627,9208,194588,89289,105299
10,State - BIHAR (10),Urban,Total,0-14,77394,41553,35841,1522,959,563,73853,39494,34359
10,State - BIHAR (10),Urban,Total,15-59,171144,99870,71274,54794,47331,7463,97497,39626,57871
10,State - BIHAR (10),Urban,Total,60+,33779,19525,14254,8983,7898,1085,21758,9445,12313
10,State - BIHAR (10),Urban,Total,Age not stated,2341,1339,1002,536,439,97,1480,724,756
10,State - BIHAR (10),Urban,In-Seeing,Total,68962,37528,31434,16064,13985,2079,47497,19854,27643
10,State - BIHAR (10),Urban,In-Seeing,0-14,20471,10804,9667,314,207,107,19748,10368,9380
10,State - BIHAR (10),Urban,In-Seeing,15-59,39368,21681,17687,13340,11670,1670,21877,7143,14734
10,State - BIHAR (10),Urban,In-Seeing,60+,8642,4769,3873,2299,2016,283,5558,2188,3370
10,State - BIHAR (10),Urban,In-Seeing,Age not stated,481,274,207,111,92,19,314,155,159
10,State - BIHAR (10),Urban,In-Hearing,Total,74407,39799,34608,17885,14956,2929,49690,20547,29143
10,State - BIHAR (10),Urban,In-Hearing,0-14,21677,11133,10544,500,277,223,20473,10462,10011
10,State - BIHAR (10),Urban,In-Hearing,15-59,43876,23710,20166,14851,12460,2391,23770,7943,15827
10,State - BIHAR (10),Urban,In-Hearing,60+,8029,4496,3533,2357,2079,278,4901,1887,3014
10,State - BIHAR (10),Urban,In-Hearing,Age not stated,825,460,365,177,140,37,546,255,291
10,State - BIHAR (10),Urban,In-Speech,Total,20648,11657,8991,5025,4360,665,13921,6163,7758
10,State - BIHAR (10),Urban,In-Speech,0-14,5609,3082,2527,112,72,40,5337,2928,2409
10,State - BIHAR (10),Urban,In-Speech,15-59,13119,7468,5651,4323,3775,548,7449,2770,4679
10,State - BIHAR (10),Urban,In-Speech,60+,1767,1022,745,551,479,72,1042,423,619
10,State - BIHAR (10),Urban,In-Speech,Age not stated,153,85,68,39,34,5,93,42,51
10,State - BIHAR (10),Urban,In-Movement,Total,39183,25514,13669,9858,8864,994,26311,14266,12045
10,State - BIHAR (10),Urban,In-Movement,0-14,6889,4059,2830,97,71,26,6683,3921,2762
10,State - BIHAR (10),Urban,In-Movement,15-59,25205,17036,8169,8194,7366,828,14589,7740,6849
10,State - BIHAR (10),Urban,In-Movement,60+,6971,4337,2634,1534,1395,139,4961,2562,2399
10,State - BIHAR (10),Urban,In-Movement,Age not stated,118,82,36,33,32,1,78,43,35
10,State - BIHAR (10),Urban,Mental-Retardation,Total,10731,6714,4017,1512,1322,190,8627,4949,3678
10,State - BIHAR (10),Urban,Mental-Retardation,0-14,2794,1591,1203,33,18,15,2724,1547,1177
10,State - BIHAR (10),Urban,Mental-Retardation,15-59,7246,4720,2526,1314,1168,146,5435,3179,2256
10,State - BIHAR (10),Urban,Mental-Retardation,60+,640,376,264,158,133,25,429,203,226
10,State - BIHAR (10),Urban,Mental-Retardation,Age not stated,51,27,24,7,3,4,39,20,19
10,State - BIHAR (10),Urban,Mental-Illness,Total,4830,3307,1523,511,455,56,4083,2659,1424
10,State - BIHAR (10),Urban,Mental-Illness,0-14,754,465,289,10,8,2,738,455,283
10,State - BIHAR (10),Urban,Mental-Illness,15-59,3644,2564,1080,430,382,48,3015,2016,999
10,State - BIHAR (10),Urban,Mental-Illness,60+,416,268,148,70,64,6,316,180,136
10,State - BIHAR (10),Urban,Any-Other,Total,53647,30353,23294,13483,11391,2092,34509,15296,19213
10,State - BIHAR (10),Urban,Any-Other,0-14,15700,8315,7385,408,272,136,14752,7772,6980
10,State - BIHAR (10),Urban,Any-Other,15-59,32307,18666,13641,11246,9551,1695,16650,6172,10478
10,State - BIHAR (10),Urban,Any-Other,60+,5013,3017,1996,1674,1443,231,2747,1171,1576
10,State - BIHAR (10),Urban,Any-Other,Age not stated,627,355,272,155,125,30,360,181,179
10,State - BIHAR (10),Urban,Multiple-Disability,Total,12250,7415,4835,1497,1294,203,9950,5555,4395
10,State - BIHAR (10),Urban,Multiple-Disability,0-14,3500,2104,1396,48,34,14,3398,2041,1357
10,State - BIHAR (10),Urban,Multiple-Disability,15-59,6379,4025,2354,1096,959,137,4712,2663,2049
10,State - BIHAR (10),Urban,Multiple-Disability,60+,2301,1240,1061,340,289,51,1804,831,973
10,State - BIHAR (10),Urban,Multiple-Disability,Age not stated,70,46,24,13,12,1,36,20,16
11,State - SIKKIM (11),Total,Total,Total,18187,9779,8408,6058,4324,1734,9269,4183,5086
11,State - SIKKIM (11),Total,Total,0-14,2080,1109,971,36,17,19,1945,1045,900
11,State - SIKKIM (11),Total,Total,15-59,11543,6173,5370,4933,3474,1459,4475,1800,2675
11,State - SIKKIM (11),Total,Total,60+,4527,2475,2052,1076,821,255,2828,1328,1500
11,State - SIKKIM (11),Total,Total,Age not stated,37,22,15,13,12,1,21,10,11
11,State - SIKKIM (11),Total,In-Seeing,Total,2772,1421,1351,990,670,320,1338,585,753
11,State - SIKKIM (11),Total,In-Seeing,0-14,271,151,120,5,3,2,255,144,111
11,State - SIKKIM (11),Total,In-Seeing,15-59,1496,756,740,735,487,248,474,171,303
11,State - SIKKIM (11),Total,In-Seeing,60+,996,511,485,248,179,69,603,268,335
11,State - SIKKIM (11),Total,In-Seeing,Age not stated,9,3,6,2,1,1,6,2,4
11,State - SIKKIM (11),Total,In-Hearing,Total,5343,2987,2356,2272,1696,576,2102,879,1223
11,State - SIKKIM (11),Total,In-Hearing,0-14,575,309,266,10,4,6,527,286,241
11,State - SIKKIM (11),Total,In-Hearing,15-59,3347,1874,1473,1825,1355,470,827,255,572
11,State - SIKKIM (11),Total,In-Hearing,60+,1408,795,613,432,332,100,741,334,407
11,State - SIKKIM (11),Total,In-Speech,Total,1577,818,759,496,327,169,787,350,437
11,State - SIKKIM (11),Total,In-Speech,0-14,217,122,95,6,2,4,205,117,88
11,State - SIKKIM (11),Total,In-Speech,15-59,1212,608,604,449,289,160,492,193,299
11,State - SIKKIM (11),Total,In-Speech,60+,145,86,59,39,34,5,90,40,50
11,State - SIKKIM (11),Total,In-Movement,Total,2067,1218,849,595,454,141,1234,622,612
11,State - SIKKIM (11),Total,In-Movement,0-14,234,139,95,5,3,2,222,131,91
11,State - SIKKIM (11),Total,In-Movement,15-59,1200,709,491,477,360,117,562,257,305
11,State - SIKKIM (11),Total,In-Movement,60+,631,368,263,113,91,22,448,232,216
11,State - SIKKIM (11),Total,Mental-Retardation,Total,516,274,242,109,77,32,342,169,173
11,State - SIKKIM (11),Total,Mental-Retardation,15-59,377,201,176,103,73,30,215,101,114
11,State - SIKKIM (11),Total,Mental-Retardation,60+,49,18,31,4,2,2,40,15,25
11,State - SIKKIM (11),Total,Mental-Illness,Total,513,255,258,97,63,34,346,163,183
11,State - SIKKIM (11),Total,Mental-Illness,15-59,403,193,210,85,51,34,259,118,141
11,State - SIKKIM (11),Total,Any-Other,Total,2459,1282,1177,846,584,262,1242,538,704
11,State - SIKKIM (11),Total,Any-Other,0-14,368,172,196,6,2,4,338,163,175
11,State - SIKKIM (11),Total,Any-Other,15-59,1586,847,739,730,500,230,576,227,349
11,State - SIKKIM (11),Total,Any-Other,60+,499,259,240,107,79,28,325,147,178
11,State - SIKKIM (11),Total,Multiple-Disability,Total,2940,1524,1416,653,453,200,1878,877,1001
11,State - SIKKIM (11),Total,Multiple-Disability,0-14,278,140,138,3,2,1,266,130,136
11,State - SIKKIM (11),Total,Multiple-Disability,15-59,1922,985,937,529,359,170,1070,478,592
11,State - SIKKIM (11),Total,Multiple-Disability,60+,740,399,341,121,92,29,542,269,273
11,State - SIKKIM (11),Rural,Total,Total,15859,8548,7311,5395,3819,1576,7766,3566,4200
11,State - SIKKIM (11),Rural,Total,0-14,1787,952,835,33,17,16,1657,890,767
11,State - SIKKIM (11),Rural,Total,15-59,9918,5320,4598,4344,3029,1315,3578,1482,2096
11,State - SIKKIM (11),Rural,Total,60+,4122,2256,1866,1008,763,245,2512,1184,1328
11,State - SIKKIM (11),Rural,In-Seeing,Total,2484,1271,1213,902,604,298,1161,519,642
11,State - SIKKIM (11),Rural,In-Seeing,0-14,238,130,108,5,3,2,222,123,99
11,State - SIKKIM (11),Rural,In-Seeing,15-59,1312,662,650,658,429,229,383,147,236
11,State - SIKKIM (11),Rural,In-Seeing,60+,927,476,451,238,171,67,551,247,304
11,State - SIKKIM (11),Rural,In-Hearing,Total,4703,2638,2065,2045,1514,531,1738,739,999
11,State - SIKKIM (11),Rural,In-Hearing,0-14,480,258,222,8,4,4,436,237,199
11,State - SIKKIM (11),Rural,In-Hearing,15-59,2911,1644,1267,1627,1197,430,630,204,426
11,State - SIKKIM (11),Rural,In-Hearing,60+,1299,727,572,405,308,97,665,294,371
11,State - SIKKIM (11),Rural,In-Speech,Total,1339,699,640,432,282,150,635,292,343
11,State - SIKKIM (11),Rural,In-Speech,0-14,191,108,83,6,2,4,179,103,76
11,State - SIKKIM (11),Rural,In-Speech,15-59,1024,516,508,389,248,141,384,156,228
11,State - SIKKIM (11),Rural,In-Speech,60+,122,74,48,36,31,5,72,33,39
11,State - SIKKIM (11),Rural,In-Movement,Total,1792,1064,728,515,388,127,1053,543,510
11,State - SIKKIM (11),Rural,In-Movement,0-14,203,122,81,5,3,2,191,114,77
11,State - SIKKIM (11),Rural,In-Movement,15-59,1013,604,409,407,303,104,458,217,241
11,State - SIKKIM (11),Rural,In-Movement,60+,574,336,238,103,82,21,402,210,192
11,State - SIKKIM (11),Rural,Mental-Retardation,Total,416,221,195,96,71,25,260,127,133
11,State - SIKKIM (11),Rural,Mental-Retardation,15-59,304,160,144,91,67,24,159,71,88
11,State - SIKKIM (11),Rural,Mental-Retardation,60+,39,16,23,3,2,1,31,13,18
11,State - SIKKIM (11),Rural,Mental-Illness,Total,443,209,234,88,55,33,288,126,162
11,State - SIKKIM (11),Rural,Mental-Illness,15-59,350,158,192,78,45,33,215,89,126
11,State - SIKKIM (11),Rural,Any-Other,Total,2023,1063,960,702,480,222,974,442,532
11,State - SIKKIM (11),Rural,Any-Other,0-14,314,150,164,5,2,3,285,141,144
11,State - SIKKIM (11),Rural,Any-Other,15-59,1272,686,586,598,406,192,416,178,238
11,State - SIKKIM (11),Rural,Any-Other,60+,433,224,209,97,70,27,271,122,149
11,State - SIKKIM (11),Rural,Multiple-Disability,Total,2659,1383,1276,615,425,190,1657,778,879
11,State - SIKKIM (11),Rural,Multiple-Disability,0-14,250,123,127,3,2,1,238,113,125
11,State - SIKKIM (11),Rural,Multiple-Disability,15-59,1732,890,842,496,334,162,933,420,513
11,State - SIKKIM (11),Rural,Multiple-Disability,60+,677,370,307,116,89,27,486,245,241
11,State - SIKKIM (11),Urban,Total,Total,2328,1231,1097,663,505,158,1503,617,886
11,State - SIKKIM (11),Urban,Total,15-59,1625,853,772,589,445,144,897,318,579
11,State - SIKKIM (11),Urban,Total,60+,405,219,186,68,58,10,316,144,172
11,State - SIKKIM (11),Urban,In-Seeing,Total,288,150,138,88,66,22,177,66,111
11,State - SIKKIM (11),Urban,In-Seeing,15-59,184,94,90,77,58,19,91,24,67
11,State - SIKKIM (11),Urban,In-Seeing,60+,69,35,34,10,8,2,52,21,31
11,State - SIKKIM (11),Urban,In-Hearing,Total,640,349,291,227,182,45,364,140,224
11,State - SIKKIM (11),Urban,In-Hearing,15-59,436,230,206,198,158,40,197,51,146
11,State - SIKKIM (11),Urban,In-Hearing,60+,109,68,41,27,24,3,76,40,36
11,State - SIKKIM (11),Urban,In-Speech,Total,238,119,119,64,45,19,152,58,94
11,State - SIKKIM (11),Urban,In-Speech,15-59,188,92,96,60,41,19,108,37,71
11,State - SIKKIM (11),Urban,In-Movement,Total,275,154,121,80,66,14,181,79,102
11,State - SIKKIM (11),Urban,In-Movement,15-59,187,105,82,70,57,13,104,40,64
11,State - SIKKIM (11),Urban,In-Movement,60+,57,32,25,10,9,1,46,22,24
11,State - SIKKIM (11),Urban,Mental-Retardation,Total,100,53,47,13,6,7,82,42,40
11,State - SIKKIM (11),Urban,Mental-Retardation,15-59,73,41,32,12,6,6,56,30,26
11,State - SIKKIM (11),Urban,Mental-Illness,Total,70,46,24,9,8,1,58,37,21
11,State - SIKKIM (11),Urban,Mental-Illness,15-59,53,35,18,7,6,1,44,29,15
11,State - SIKKIM (11),Urban,Any-Other,Total,436,219,217,144,104,40,268,96,172
11,State - SIKKIM (11),Urban,Any-Other,15-59,314,161,153,132,94,38,160,49,111
11,State - SIKKIM (11),Urban,Any-Other,60+,66,35,31,10,9,1,54,25,29
11,State - SIKKIM (11),Urban,Multiple-Disability,Total,281,141,140,38,28,10,221,99,122
11,State - SIKKIM (11),Urban,Multiple-Disability,15-59,190,95,95,33,25,8,137,58,79
11,State - SIKKIM (11),Urban,Multiple-Disability,60+,63,29,34,5,3,2,56,24,32
12,State - ARUNACHAL PRADESH (12),Total,Total,Total,26734,14245,12489,9211,5985,3226,14786,6913,7873
12,State - ARUNACHAL PRADESH (12),Total,Total,0-14,6000,3130,2870,95,57,38,5697,2968,2729
12,State - ARUNACHAL PRADESH (12),Total,Total,15-59,15847,8686,7161,7664,4986,2678,6130,2723,3407
12,State - ARUNACHAL PRADESH (12),Total,Total,60+,4846,2408,2438,1439,937,502,2939,1210,1729
12,State - ARUNACHAL PRADESH (12),Total,Total,Age not stated,41,21,20,13,5,8,20,12,8
12,State - ARUNACHAL PRADESH (12),Total,In-Seeing,Total,5652,2862,2790,1957,1258,699,3102,1337,1765
12,State - ARUNACHAL PRADESH (12),Total,In-Seeing,0-14,1273,669,604,25,14,11,1204,633,571
12,State - ARUNACHAL PRADESH (12),Total,In-Seeing,15-59,3030,1586,1444,1541,997,544,1079,412,667
12,State - ARUNACHAL PRADESH (12),Total,In-Seeing,60+,1343,604,739,389,247,142,817,290,527
12,State - ARUNACHAL PRADESH (12),Total,In-Hearing,Total,8127,4209,3918,3231,2010,1221,4002,1759,2243
12,State - ARUNACHAL PRADESH (12),Total,In-Hearing,0-14,1905,929,976,38,24,14,1785,867,918
12,State - ARUNACHAL PRADESH (12),Total,In-Hearing,15-59,4787,2535,2252,2653,1639,1014,1470,588,882
12,State - ARUNACHAL PRADESH (12),Total,In-Hearing,60+,1421,739,682,538,347,191,738,300,438
12,State - ARUNACHAL PRADESH (12),Total,In-Speech,Total,1538,880,658,556,357,199,816,433,383
12,State - ARUNACHAL PRADESH (12),Total,In-Speech,0-14,373,223,150,10,5,5,353,212,141
12,State - ARUNACHAL PRADESH (12),Total,In-Speech,15-59,1043,586,457,504,321,183,402,192,210
12,State - ARUNACHAL PRADESH (12),Total,In-Speech,60+,120,69,51,41,30,11,60,28,32
12,State - ARUNACHAL PRADESH (12),Total,In-Movement,Total,3235,1935,1300,988,744,244,1951,1028,923
12,State - ARUNACHAL PRADESH (12),Total,In-Movement,15-59,1981,1226,755,829,626,203,928,481,447
12,State - ARUNACHAL PRADESH (12),Total,In-Movement,60+,750,423,327,157,116,41,538,274,264
12,State - ARUNACHAL PRADESH (12),Total,Mental-Retardation,Total,1264,635,629,334,193,141,827,395,432
12,State - ARUNACHAL PRADESH (12),Total,Mental-Retardation,0-14,368,185,183,5,3,2,354,177,177
12,State - ARUNACHAL PRADESH (12),Total,Mental-Retardation,15-59,818,415,403,304,176,128,425,198,227
12,State - ARUNACHAL PRADESH (12),Total,Mental-Retardation,60+,75,33,42,25,14,11,46,18,28
12,State - ARUNACHAL PRADESH (12),Total,Mental-Illness,Total,631,344,287,153,93,60,427,224,203
12,State - ARUNACHAL PRADESH (12),Total,Mental-Illness,15-59,453,256,197,128,79,49,282,156,126
12,State - ARUNACHAL PRADESH (12),Total,Mental-Illness,60+,83,38,45,25,14,11,52,19,33
12,State - ARUNACHAL PRADESH (12),Total,Any-Other,Total,3878,2080,1798,1368,930,438,2091,950,1141
12,State - ARUNACHAL PRADESH (12),Total,Any-Other,0-14,1076,558,518,10,5,5,1025,532,493
12,State - ARUNACHAL PRADESH (12),Total,Any-Other,15-59,2441,1350,1091,1235,847,388,863,342,521
12,State - ARUNACHAL PRADESH (12),Total,Any-Other,60+,348,167,181,116,75,41,198,74,124
12,State - ARUNACHAL PRADESH (12),Total,Any-Other,Age not stated,13,5,8,7,3,4,5,2,3
12,State - ARUNACHAL PRADESH (12),Total,Multiple-Disability,Total,2409,1300,1109,624,400,224,1570,787,783
12,State - ARUNACHAL PRADESH (12),Total,Multiple-Disability,0-14,407,231,176,6,5,1,398,225,173
12,State - ARUNACHAL PRADESH (12),Total,Multiple-Disability,15-59,1294,732,562,470,301,169,681,354,327
12,State - ARUNACHAL PRADESH (12),Total,Multiple-Disability,60+,706,335,371,148,94,54,490,207,283
12,State - ARUNACHAL PRADESH (12),Rural,Total,Total,22308,11780,10528,7836,4903,2933,12049,5690,6359
12,State - ARUNACHAL PRADESH (12),Rural,Total,0-14,4833,2503,2330,77,42,35,4580,2374,2206
12,State - ARUNACHAL PRADESH (12),Rural,Total,15-59,12876,6999,5877,6374,3977,2397,4711,2173,2538
12,State - ARUNACHAL PRADESH (12),Rural,Total,60+,4563,2260,2303,1373,880,493,2742,1133,1609
12,State - ARUNACHAL PRADESH (12),Rural,Total,Age not stated,36,18,18,12,4,8,16,10,6
12,State - ARUNACHAL PRADESH (12),Rural,In-Seeing,Total,4669,2334,2335,1632,1017,615,2497,1073,1424
12,State - ARUNACHAL PRADESH (12),Rural,In-Seeing,0-14,1016,526,490,22,11,11,955,496,459
12,State - ARUNACHAL PRADESH (12),Rural,In-Seeing,15-59,2398,1239,1159,1238,773,465,791,303,488
12,State - ARUNACHAL PRADESH (12),Rural,In-Seeing,60+,1249,566,683,370,233,137,749,272,477
12,State - ARUNACHAL PRADESH (12),Rural,In-Hearing,Total,6916,3565,3351,2851,1720,1131,3295,1470,1825
12,State - ARUNACHAL PRADESH (12),Rural,In-Hearing,0-14,1546,745,801,27,15,12,1458,702,756
12,State - ARUNACHAL PRADESH (12),Rural,In-Hearing,15-59,3998,2113,1885,2300,1373,927,1127,481,646
12,State - ARUNACHAL PRADESH (12),Rural,In-Hearing,60+,1361,702,659,522,332,190,704,284,420
12,State - ARUNACHAL PRADESH (12),Rural,In-Speech,Total,1299,737,562,488,305,183,658,353,305
12,State - ARUNACHAL PRADESH (12),Rural,In-Speech,0-14,302,176,126,9,4,5,286,169,117
12,State - ARUNACHAL PRADESH (12),Rural,In-Speech,15-59,885,497,388,439,272,167,318,159,159
12,State - ARUNACHAL PRADESH (12),Rural,In-Speech,60+,110,62,48,39,28,11,53,24,29
12,State - ARUNACHAL PRADESH (12),Rural,In-Movement,Total,2735,1620,1115,810,598,212,1654,869,785
12,State - ARUNACHAL PRADESH (12),Rural,In-Movement,15-59,1609,996,613,662,491,171,748,396,352
12,State - ARUNACHAL PRADESH (12),Rural,In-Movement,60+,707,394,313,146,105,41,506,256,250
12,State - ARUNACHAL PRADESH (12),Rural,Mental-Retardation,Total,1011,512,499,284,157,127,641,318,323
12,State - ARUNACHAL PRADESH (12),Rural,Mental-Retardation,0-14,283,149,134,3,1,2,271,143,128
12,State - ARUNACHAL PRADESH (12),Rural,Mental-Retardation,15-59,657,332,325,257,142,115,328,159,169
12,State - ARUNACHAL PRADESH (12),Rural,Mental-Retardation,60+,68,29,39,24,14,10,40,14,26
12,State - ARUNACHAL PRADESH (12),Rural,Mental-Illness,Total,533,291,242,145,87,58,341,179,162
12,State - ARUNACHAL PRADESH (12),Rural,Mental-Illness,15-59,390,223,167,121,74,47,230,130,100
12,State - ARUNACHAL PRADESH (12),Rural,Mental-Illness,60+,79,37,42,24,13,11,49,19,30
12,State - ARUNACHAL PRADESH (12),Rural,Any-Other,Total,3005,1582,1423,1051,659,392,1595,751,844
12,State - ARUNACHAL PRADESH (12),Rural,Any-Other,0-14,862,455,407,10,5,5,813,430,383
12,State - ARUNACHAL PRADESH (12),Rural,Any-Other,15-59,1813,971,842,929,586,343,598,250,348
12,State - ARUNACHAL PRADESH (12),Rural,Any-Other,60+,319,153,166,106,66,40,180,70,110
12,State - ARUNACHAL PRADESH (12),Rural,Any-Other,Age not stated,11,3,8,6,2,4,4,1,3
12,State - ARUNACHAL PRADESH (12),Rural,Multiple-Disability,Total,2140,1139,1001,575,360,215,1368,677,691
12,State - ARUNACHAL PRADESH (12),Rural,Multiple-Disability,15-59,1126,628,498,428,266,162,571,295,276
12,State - ARUNACHAL PRADESH (12),Rural,Multiple-Disability,60+,670,317,353,142,89,53,461,194,267
12,State - ARUNACHAL PRADESH (12),Urban,Total,Total,4426,2465,1961,1375,1082,293,2737,1223,1514
12,State - ARUNACHAL PRADESH (12),Urban,Total,0-14,1167,627,540,18,15,3,1117,594,523
12,State - ARUNACHAL PRADESH (12),Urban,Total,15-59,2971,1687,1284,1290,1009,281,1419,550,869
12,State - ARUNACHAL PRADESH (12),Urban,Total,60+,283,148,135,66,57,9,197,77,120
12,State - ARUNACHAL PRADESH (12),Urban,In-Seeing,Total,983,528,455,325,241,84,605,264,341
12,State - ARUNACHAL PRADESH (12),Urban,In-Seeing,15-59,632,347,285,303,224,79,288,109,179
12,State - ARUNACHAL PRADESH (12),Urban,In-Seeing,60+,94,38,56,19,14,5,68,18,50
12,State - ARUNACHAL PRADESH (12),Urban,In-Hearing,Total,1211,644,567,380,290,90,707,289,418
12,State - ARUNACHAL PRADESH (12),Urban,In-Hearing,0-14,359,184,175,11,9,2,327,165,162
12,State - ARUNACHAL PRADESH (12),Urban,In-Hearing,15-59,789,422,367,353,266,87,343,107,236
12,State - ARUNACHAL PRADESH (12),Urban,In-Hearing,60+,60,37,23,16,15,1,34,16,18
12,State - ARUNACHAL PRADESH (12),Urban,In-Speech,Total,239,143,96,68,52,16,158,80,78
12,State - ARUNACHAL PRADESH (12),Urban,In-Speech,15-59,158,89,69,65,49,16,84,33,51
12,State - ARUNACHAL PRADESH (12),Urban,In-Movement,Total,500,315,185,178,146,32,297,159,138
12,State - ARUNACHAL PRADESH (12),Urban,In-Movement,15-59,372,230,142,167,135,32,180,85,95
12,State - ARUNACHAL PRADESH (12),Urban,Mental-Retardation,Total,253,123,130,50,36,14,186,77,109
12,State - ARUNACHAL PRADESH (12),Urban,Mental-Retardation,15-59,161,83,78,47,34,13,97,39,58
12,State - ARUNACHAL PRADESH (12),Urban,Mental-Illness,Total,98,53,45,8,6,2,86,45,41
12,State - ARUNACHAL PRADESH (12),Urban,Mental-Illness,15-59,63,33,30,7,5,2,52,26,26
12,State - ARUNACHAL PRADESH (12),Urban,Any-Other,Total,873,498,375,317,271,46,496,199,297
12,State - ARUNACHAL PRADESH (12),Urban,Any-Other,15-59,628,379,249,306,261,45,265,92,173
12,State - ARUNACHAL PRADESH (12),Urban,Any-Other,60+,29,14,15,10,9,1,18,4,14
12,State - ARUNACHAL PRADESH (12),Urban,Multiple-Disability,Total,269,161,108,49,40,9,202,110,92
12,State - ARUNACHAL PRADESH (12),Urban,Multiple-Disability,15-59,168,104,64,42,35,7,110,59,51
12,State - ARUNACHAL PRADESH (12),Urban,Multiple-Disability,60+,36,18,18,6,5,1,29,13,16
13,State - NAGALAND (13),Total,Total,Total,29631,16148,13483,11976,7391,4585,14247,7126,7121
13,State - NAGALAND (13),Total,Total,0-14,5381,2940,2441,140,77,63,4749,2602,2147
13,State - NAGALAND (13),Total,Total,15-59,17057,9451,7606,8856,5483,3373,6029,2946,3083
13,State - NAGALAND (13),Total,Total,60+,7145,3721,3424,2957,1812,1145,3448,1563,1885
13,State - NAGALAND (13),Total,Total,Age not stated,48,36,12,23,19,4,21,15,6
13,State - NAGALAND (13),Total,In-Seeing,Total,4150,2130,2020,1747,1072,675,1886,841,1045
13,State - NAGALAND (13),Total,In-Seeing,0-14,676,359,317,18,12,6,581,305,276
13,State - NAGALAND (13),Total,In-Seeing,15-59,2169,1163,1006,1198,756,442,670,282,388
13,State - NAGALAND (13),Total,In-Seeing,60+,1300,604,696,529,303,226,632,251,381
13,State - NAGALAND (13),Total,In-Hearing,Total,8940,5007,3933,4420,2818,1602,3411,1654,1757
13,State - NAGALAND (13),Total,In-Hearing,0-14,1535,819,716,48,29,19,1322,711,611
13,State - NAGALAND (13),Total,In-Hearing,15-59,4717,2661,2056,3030,1922,1108,1062,450,612
13,State - NAGALAND (13),Total,In-Hearing,60+,2666,1510,1156,1328,855,473,1020,488,532
13,State - NAGALAND (13),Total,In-Hearing,Age not stated,22,17,5,14,12,2,7,5,2
13,State - NAGALAND (13),Total,In-Speech,Total,2294,1261,1033,1043,596,447,1003,533,470
13,State - NAGALAND (13),Total,In-Speech,0-14,533,313,220,20,6,14,467,275,192
13,State - NAGALAND (13),Total,In-Speech,15-59,1540,824,716,887,510,377,477,227,250
13,State - NAGALAND (13),Total,In-Speech,60+,220,124,96,136,80,56,58,31,27
13,State - NAGALAND (13),Total,In-Movement,Total,3828,2235,1593,1138,782,356,2295,1242,1053
13,State - NAGALAND (13),Total,In-Movement,0-14,543,327,216,8,5,3,499,302,197
13,State - NAGALAND (13),Total,In-Movement,15-59,2231,1364,867,859,608,251,1109,612,497
13,State - NAGALAND (13),Total,In-Movement,60+,1049,541,508,271,169,102,684,326,358
13,State - NAGALAND (13),Total,Mental-Retardation,Total,1250,666,584,360,207,153,773,407,366
13,State - NAGALAND (13),Total,Mental-Retardation,0-14,205,112,93,6,3,3,180,101,79
13,State - NAGALAND (13),Total,Mental-Retardation,15-59,921,501,420,304,180,124,531,281,250
13,State - NAGALAND (13),Total,Mental-Retardation,60+,122,52,70,49,24,25,61,24,37
13,State - NAGALAND (13),Total,Mental-Illness,Total,995,547,448,248,146,102,651,352,299
13,State - NAGALAND (13),Total,Mental-Illness,15-59,800,454,346,213,125,88,505,288,217
13,State - NAGALAND (13),Total,Mental-Illness,60+,107,47,60,32,18,14,64,24,40
13,State - NAGALAND (13),Total,Any-Other,Total,4838,2529,2309,2094,1215,879,2130,1039,1091
13,State - NAGALAND (13),Total,Any-Other,0-14,1288,679,609,30,19,11,1130,597,533
13,State - NAGALAND (13),Total,Any-Other,15-59,2971,1544,1427,1742,1007,735,797,349,448
13,State - NAGALAND (13),Total,Any-Other,60+,570,299,271,318,185,133,199,91,108
13,State - NAGALAND (13),Total,Multiple-Disability,Total,3336,1773,1563,926,555,371,2098,1058,1040
13,State - NAGALAND (13),Total,Multiple-Disability,0-14,515,287,228,8,1,7,489,272,217
13,State - NAGALAND (13),Total,Multiple-Disability,15-59,1708,940,768,623,375,248,878,457,421
13,State - NAGALAND (13),Total,Multiple-Disability,60+,1111,544,567,294,178,116,730,328,402
13,State - NAGALAND (13),Rural,Total,Total,23549,12761,10788,10449,6196,4253,10130,5141,4989
13,State - NAGALAND (13),Rural,Total,0-14,4081,2240,1841,129,68,61,3515,1940,1575
13,State - NAGALAND (13),Rural,Total,15-59,13288,7297,5991,7518,4428,3090,3918,1990,1928
13,State - NAGALAND (13),Rural,Total,60+,6140,3194,2946,2784,1685,1099,2679,1198,1481
13,State - NAGALAND (13),Rural,Total,Age not stated,40,30,10,18,15,3,18,13,5
13,State - NAGALAND (13),Rural,In-Seeing,Total,3291,1689,1602,1494,887,607,1353,619,734
13,State - NAGALAND (13),Rural,In-Seeing,0-14,519,281,238,17,11,6,432,232,200
13,State - NAGALAND (13),Rural,In-Seeing,15-59,1658,883,775,985,597,388,421,183,238
13,State - NAGALAND (13),Rural,In-Seeing,60+,1110,522,588,491,279,212,497,201,296
13,State - NAGALAND (13),Rural,In-Hearing,Total,7237,4050,3187,3878,2375,1503,2381,1205,1176
13,State - NAGALAND (13),Rural,In-Hearing,0-14,1147,626,521,42,24,18,961,532,429
13,State - NAGALAND (13),Rural,In-Hearing,15-59,3714,2078,1636,2549,1525,1024,628,303,325
13,State - NAGALAND (13),Rural,In-Hearing,60+,2356,1330,1026,1274,814,460,786,366,420
13,State - NAGALAND (13),Rural,In-Hearing,Age not stated,20,16,4,13,12,1,6,4,2
13,State - NAGALAND (13),Rural,In-Speech,Total,1889,1033,856,961,533,428,709,384,325
13,State - NAGALAND (13),Rural,In-Speech,0-14,422,248,174,19,6,13,360,212,148
13,State - NAGALAND (13),Rural,In-Speech,15-59,1277,679,598,815,455,360,311,150,161
13,State - NAGALAND (13),Rural,In-Speech,60+,190,106,84,127,72,55,38,22,16
13,State - NAGALAND (13),Rural,In-Movement,Total,2941,1689,1252,908,596,312,1687,908,779
13,State - NAGALAND (13),Rural,In-Movement,0-14,417,252,165,8,5,3,380,232,148
13,State - NAGALAND (13),Rural,In-Movement,15-59,1644,986,658,652,439,213,766,422,344
13,State - NAGALAND (13),Rural,In-Movement,60+,875,448,427,248,152,96,538,252,286
13,State - NAGALAND (13),Rural,Mental-Retardation,Total,949,499,450,319,174,145,528,278,250
13,State - NAGALAND (13),Rural,Mental-Retardation,0-14,150,83,67,6,3,3,127,73,54
13,State - NAGALAND (13),Rural,Mental-Retardation,15-59,699,376,323,269,153,116,356,187,169
13,State - NAGALAND (13),Rural,Mental-Retardation,60+,98,39,59,43,18,25,44,17,27
13,State - NAGALAND (13),Rural,Mental-Illness,Total,776,425,351,224,133,91,465,248,217
13,State - NAGALAND (13),Rural,Mental-Illness,15-59,622,348,274,191,112,79,358,200,158
13,State - NAGALAND (13),Rural,Mental-Illness,60+,87,41,46,30,18,12,46,18,28
13,State - NAGALAND (13),Rural,Any-Other,Total,3699,1910,1789,1804,992,812,1385,688,697
13,State - NAGALAND (13),Rural,Any-Other,0-14,970,504,466,28,17,11,828,431,397
13,State - NAGALAND (13),Rural,Any-Other,15-59,2242,1156,1086,1479,808,671,413,195,218
13,State - NAGALAND (13),Rural,Any-Other,60+,481,246,235,296,166,130,140,60,80
13,State - NAGALAND (13),Rural,Multiple-Disability,Total,2767,1466,1301,861,506,355,1622,811,811
13,State - NAGALAND (13),Rural,Multiple-Disability,15-59,1432,791,641,578,339,239,665,350,315
13,State - NAGALAND (13),Rural,Multiple-Disability,60+,943,462,481,275,166,109,590,262,328
13,State - NAGALAND (13),Urban,Total,Total,6082,3387,2695,1527,1195,332,4117,1985,2132
13,State - NAGALAND (13),Urban,Total,0-14,1300,700,600,11,9,2,1234,662,572
13,State - NAGALAND (13),Urban,Total,15-59,3769,2154,1615,1338,1055,283,2111,956,1155
13,State - NAGALAND (13),Urban,Total,60+,1005,527,478,173,127,46,769,365,404
13,State - NAGALAND (13),Urban,Total,Age not stated,8,6,2,5,4,1,3,2,1
13,State - NAGALAND (13),Urban,In-Seeing,Total,859,441,418,253,185,68,533,222,311
13,State - NAGALAND (13),Urban,In-Seeing,15-59,511,280,231,213,159,54,249,99,150
13,State - NAGALAND (13),Urban,In-Seeing,60+,190,82,108,38,24,14,135,50,85
13,State - NAGALAND (13),Urban,In-Hearing,Total,1703,957,746,542,443,99,1030,449,581
13,State - NAGALAND (13),Urban,In-Hearing,0-14,388,193,195,6,5,1,361,179,182
13,State - NAGALAND (13),Urban,In-Hearing,15-59,1003,583,420,481,397,84,434,147,287
13,State - NAGALAND (13),Urban,In-Hearing,60+,310,180,130,54,41,13,234,122,112
13,State - NAGALAND (13),Urban,In-Speech,Total,405,228,177,82,63,19,294,149,145
13,State - NAGALAND (13),Urban,In-Speech,15-59,263,145,118,72,55,17,166,77,89
13,State - NAGALAND (13),Urban,In-Speech,60+,30,18,12,9,8,1,20,9,11
13,State - NAGALAND (13),Urban,In-Movement,Total,887,546,341,230,186,44,608,334,274
13,State - NAGALAND (13),Urban,In-Movement,15-59,587,378,209,207,169,38,343,190,153
13,State - NAGALAND (13),Urban,In-Movement,60+,174,93,81,23,17,6,146,74,72
13,State - NAGALAND (13),Urban,Mental-Retardation,Total,301,167,134,41,33,8,245,129,116
13,State - NAGALAND (13),Urban,Mental-Retardation,15-59,222,125,97,35,27,8,175,94,81
13,State - NAGALAND (13),Urban,Mental-Illness,Total,219,122,97,24,13,11,186,104,82
13,State - NAGALAND (13),Urban,Mental-Illness,15-59,178,106,72,22,13,9,147,88,59
13,State - NAGALAND (13),Urban,Any-Other,Total,1139,619,520,290,223,67,745,351,394
13,State - NAGALAND (13),Urban,Any-Other,15-59,729,388,341,263,199,64,384,154,230
13,State - NAGALAND (13),Urban,Any-Other,60+,89,53,36,22,19,3,59,31,28
13,State - NAGALAND (13),Urban,Multiple-Disability,Total,569,307,262,65,49,16,476,247,229
13,State - NAGALAND (13),Urban,Multiple-Disability,15-59,276,149,127,45,36,9,213,107,106
13,State - NAGALAND (13),Urban,Multiple-Disability,60+,168,82,86,19,12,7,140,66,74
14,State - MANIPUR (14),Total,Total,Total,58547,31174,27373,18700,12188,6512,32965,15915,17050
14,State - MANIPUR (14),Total,Total,0-14,12975,6813,6162,257,135,122,12209,6413,5796
14,State - MANIPUR (14),Total,Total,15-59,36402,19516,16886,15565,10083,5482,15389,7108,8281
14,State - MANIPUR (14),Total,Total,60+,9013,4764,4249,2835,1944,891,5271,2345,2926
14,State - MANIPUR (14),Total,Total,Age not stated,157,81,76,43,26,17,96,49,47
14,State - MANIPUR (14),Total,In-Seeing,Total,19194,9915,9279,6765,4344,2421,9973,4504,5469
14,State - MANIPUR (14),Total,In-Seeing,0-14,4933,2513,2420,87,40,47,4643,2368,2275
14,State - MANIPUR (14),Total,In-Seeing,15-59,11811,6129,5682,5750,3666,2084,4087,1641,2446
14,State - MANIPUR (14),Total,In-Seeing,60+,2387,1241,1146,912,627,285,1204,477,727
14,State - MANIPUR (14),Total,In-Seeing,Age not stated,63,32,31,16,11,5,39,18,21
14,State - MANIPUR (14),Total,In-Hearing,Total,12891,6688,6203,4859,3096,1763,6371,2890,3481
14,State - MANIPUR (14),Total,In-Hearing,0-14,2776,1466,1310,76,44,32,2580,1360,1220
14,State - MANIPUR (14),Total,In-Hearing,15-59,7680,3961,3719,3897,2464,1433,2517,1001,1516
14,State - MANIPUR (14),Total,In-Hearing,60+,2409,1247,1162,878,581,297,1259,522,737
14,State - MANIPUR (14),Total,In-Hearing,Age not stated,26,14,12,8,7,1,15,7,8
14,State - MANIPUR (14),Total,In-Speech,Total,2661,1488,1173,822,576,246,1527,783,744
14,State - MANIPUR (14),Total,In-Speech,0-14,644,366,278,11,5,6,615,350,265
14,State - MANIPUR (14),Total,In-Speech,15-59,1728,952,776,716,501,215,751,349,402
14,State - MANIPUR (14),Total,In-Speech,60+,282,167,115,92,68,24,157,83,74
14,State - MANIPUR (14),Total,In-Speech,Age not stated,7,3,4,3,2,1,4,1,3
14,State - MANIPUR (14),Total,In-Movement,Total,5315,3165,2150,1356,982,374,3486,1919,1567
14,State - MANIPUR (14),Total,In-Movement,0-14,630,365,265,6,2,4,604,352,252
14,State - MANIPUR (14),Total,In-Movement,15-59,3250,1953,1297,1063,772,291,1826,980,846
14,State - MANIPUR (14),Total,In-Movement,60+,1430,844,586,284,206,78,1054,586,468
14,State - MANIPUR (14),Total,In-Movement,Age not stated,5,3,2,3,2,1,2,1,1
14,State - MANIPUR (14),Total,Mental-Retardation,Total,4846,2626,2220,1124,743,381,3292,1683,1609
14,State - MANIPUR (14),Total,Mental-Retardation,0-14,966,505,461,14,6,8,915,480,435
14,State - MANIPUR (14),Total,Mental-Retardation,15-59,3453,1897,1556,1000,659,341,2105,1082,1023
14,State - MANIPUR (14),Total,Mental-Retardation,60+,414,218,196,109,78,31,262,116,146
14,State - MANIPUR (14),Total,Mental-Illness,Total,1459,842,617,281,193,88,1059,584,475
14,State - MANIPUR (14),Total,Mental-Illness,15-59,1126,666,460,233,156,77,790,455,335
14,State - MANIPUR (14),Total,Mental-Illness,60+,218,111,107,46,36,10,158,66,92
14,State - MANIPUR (14),Total,Any-Other,Total,8628,4516,4112,2835,1829,1006,4654,2193,2461
14,State - MANIPUR (14),Total,Any-Other,0-14,2221,1157,1064,49,29,20,2087,1083,1004
14,State - MANIPUR (14),Total,Any-Other,15-59,5474,2886,2588,2452,1572,880,2087,921,1166
14,State - MANIPUR (14),Total,Any-Other,60+,905,459,446,324,224,100,465,179,286
14,State - MANIPUR (14),Total,Any-Other,Age not stated,28,14,14,10,4,6,15,10,5
14,State - MANIPUR (14),Total,Multiple-Disability,Total,3553,1934,1619,658,425,233,2603,1359,1244
14,State - MANIPUR (14),Total,Multiple-Disability,0-14,694,377,317,13,8,5,657,358,299
14,State - MANIPUR (14),Total,Multiple-Disability,15-59,1880,1072,808,454,293,161,1226,679,547
14,State - MANIPUR (14),Total,Multiple-Disability,60+,968,477,491,190,124,66,712,316,396
14,State - MANIPUR (14),Rural,Total,Total,40488,21726,18762,13894,8905,4989,21610,10684,10926
14,State - MANIPUR (14),Rural,Total,0-14,9406,4966,4440,217,111,106,8790,4644,4146
14,State - MANIPUR (14),Rural,Total,15-59,24847,13409,11438,11486,7310,4176,9443,4521,4922
14,State - MANIPUR (14),Rural,Total,60+,6136,3299,2837,2159,1465,694,3321,1490,1831
14,State - MANIPUR (14),Rural,Total,Age not stated,99,52,47,32,19,13,56,29,27
14,State - MANIPUR (14),Rural,In-Seeing,Total,13429,6970,6459,5015,3174,1841,6649,3085,3564
14,State - MANIPUR (14),Rural,In-Seeing,0-14,3525,1801,1724,73,35,38,3302,1688,1614
14,State - MANIPUR (14),Rural,In-Seeing,15-59,8183,4270,3913,4231,2661,1570,2533,1078,1455
14,State - MANIPUR (14),Rural,In-Seeing,60+,1681,878,803,698,470,228,790,307,483
14,State - MANIPUR (14),Rural,In-Seeing,Age not stated,40,21,19,13,8,5,24,12,12
14,State - MANIPUR (14),Rural,In-Hearing,Total,9663,5050,4613,3793,2362,1431,4585,2153,2432
14,State - MANIPUR (14),Rural,In-Hearing,0-14,2167,1150,1017,67,36,31,1993,1057,936
14,State - MANIPUR (14),Rural,In-Hearing,15-59,5724,2965,2759,3016,1856,1160,1740,741,999
14,State - MANIPUR (14),Rural,In-Hearing,60+,1755,927,828,705,466,239,843,351,492
14,State - MANIPUR (14),Rural,In-Hearing,Age not stated,17,8,9,5,4,1,9,4,5
14,State - MANIPUR (14),Rural,In-Speech,Total,1833,1038,795,594,414,180,1015,536,479
14,State - MANIPUR (14),Rural,In-Speech,0-14,476,272,204,10,5,5,451,258,193
14,State - MANIPUR (14),Rural,In-Speech,15-59,1164,653,511,514,358,156,466,228,238
14,State - MANIPUR (14),Rural,In-Speech,60+,188,111,77,67,49,18,96,50,46
14,State - MANIPUR (14),Rural,In-Movement,Total,3508,2095,1413,953,681,272,2211,1227,984
14,State - MANIPUR (14),Rural,In-Movement,0-14,457,270,187,5,2,3,435,257,178
14,State - MANIPUR (14),Rural,In-Movement,15-59,2168,1303,865,742,529,213,1159,631,528
14,State - MANIPUR (14),Rural,In-Movement,60+,880,520,360,205,149,56,615,338,277
14,State - MANIPUR (14),Rural,Mental-Retardation,Total,3148,1754,1394,882,568,314,1950,1037,913
14,State - MANIPUR (14),Rural,Mental-Retardation,0-14,685,367,318,13,6,7,637,343,294
14,State - MANIPUR (14),Rural,Mental-Retardation,15-59,2201,1239,962,783,502,281,1173,626,547
14,State - MANIPUR (14),Rural,Mental-Retardation,60+,257,146,111,85,60,25,137,67,70
14,State - MANIPUR (14),Rural,Mental-Illness,Total,841,474,367,208,136,72,557,299,258
14,State - MANIPUR (14),Rural,Mental-Illness,15-59,644,366,278,170,108,62,409,225,184
14,State - MANIPUR (14),Rural,Mental-Illness,60+,119,61,58,36,27,9,74,29,45
14,State - MANIPUR (14),Rural,Any-Other,Total,5654,3016,2638,1937,1243,694,2963,1459,1504
14,State - MANIPUR (14),Rural,Any-Other,0-14,1557,811,746,40,22,18,1465,762,703
14,State - MANIPUR (14),Rural,Any-Other,15-59,3521,1899,1622,1675,1070,605,1218,576,642
14,State - MANIPUR (14),Rural,Any-Other,60+,558,296,262,215,147,68,271,115,156
14,State - MANIPUR (14),Rural,Any-Other,Age not stated,18,10,8,7,4,3,9,6,3
14,State - MANIPUR (14),Rural,Multiple-Disability,Total,2412,1329,1083,512,327,185,1680,888,792
14,State - MANIPUR (14),Rural,Multiple-Disability,0-14,464,249,215,8,4,4,435,235,200
14,State - MANIPUR (14),Rural,Multiple-Disability,15-59,1242,714,528,355,226,129,745,416,329
14,State - MANIPUR (14),Rural,Multiple-Disability,60+,698,360,338,148,97,51,495,233,262
14,State - MANIPUR (14),Urban,Total,Total,18059,9448,8611,4806,3283,1523,11355,5231,6124
14,State - MANIPUR (14),Urban,Total,0-14,3569,1847,1722,40,24,16,3419,1769,1650
14,State - MANIPUR (14),Urban,Total,15-59,11555,6107,5448,4079,2773,1306,5946,2587,3359
14,State - MANIPUR (14),Urban,Total,60+,2877,1465,1412,676,479,197,1950,855,1095
14,State - MANIPUR (14),Urban,Total,Age not stated,58,29,29,11,7,4,40,20,20
14,State - MANIPUR (14),Urban,In-Seeing,Total,5765,2945,2820,1750,1170,580,3324,1419,1905
14,State - MANIPUR (14),Urban,In-Seeing,0-14,1408,712,696,14,5,9,1341,680,661
14,State - MANIPUR (14),Urban,In-Seeing,15-59,3628,1859,1769,1519,1005,514,1554,563,991
14,State - MANIPUR (14),Urban,In-Seeing,60+,706,363,343,214,157,57,414,170,244
14,State - MANIPUR (14),Urban,In-Hearing,Total,3228,1638,1590,1066,734,332,1786,737,1049
14,State - MANIPUR (14),Urban,In-Hearing,0-14,609,316,293,9,8,1,587,303,284
14,State - MANIPUR (14),Urban,In-Hearing,15-59,1956,996,960,881,608,273,777,260,517
14,State - MANIPUR (14),Urban,In-Hearing,60+,654,320,334,173,115,58,416,171,245
14,State - MANIPUR (14),Urban,In-Speech,Total,828,450,378,228,162,66,512,247,265
14,State - MANIPUR (14),Urban,In-Speech,15-59,564,299,265,202,143,59,285,121,164
14,State - MANIPUR (14),Urban,In-Speech,60+,94,56,38,25,19,6,61,33,28
14,State - MANIPUR (14),Urban,In-Movement,Total,1807,1070,737,403,301,102,1275,692,583
14,State - MANIPUR (14),Urban,In-Movement,15-59,1082,650,432,321,243,78,667,349,318
14,State - MANIPUR (14),Urban,In-Movement,60+,550,324,226,79,57,22,439,248,191
14,State - MANIPUR (14),Urban,Mental-Retardation,Total,1698,872,826,242,175,67,1342,646,696
14,State - MANIPUR (14),Urban,Mental-Retardation,15-59,1252,658,594,217,157,60,932,456,476
14,State - MANIPUR (14),Urban,Mental-Retardation,60+,157,72,85,24,18,6,125,49,76
14,State - MANIPUR (14),Urban,Mental-Illness,Total,618,368,250,73,57,16,502,285,217
14,State - MANIPUR (14),Urban,Mental-Illness,15-59,482,300,182,63,48,15,381,230,151
14,State - MANIPUR (14),Urban,Mental-Illness,60+,99,50,49,10,9,1,84,37,47
14,State - MANIPUR (14),Urban,Any-Other,Total,2974,1500,1474,898,586,312,1691,734,957
14,State - MANIPUR (14),Urban,Any-Other,0-14,664,346,318,9,7,2,622,321,301
14,State - MANIPUR (14),Urban,Any-Other,15-59,1953,987,966,777,502,275,869,345,524
14,State - MANIPUR (14),Urban,Any-Other,60+,347,163,184,109,77,32,194,64,130
14,State - MANIPUR (14),Urban,Multiple-Disability,Total,1141,605,536,146,98,48,923,471,452
14,State - MANIPUR (14),Urban,Multiple-Disability,0-14,230,128,102,5,4,1,222,123,99
14,State - MANIPUR (14),Urban,Multiple-Disability,15-59,638,358,280,99,67,32,481,263,218
14,State - MANIPUR (14),Urban,Multiple-Disability,60+,270,117,153,42,27,15,217,83,134
15,State - MIZORAM (15),Total,Total,Total,15160,8198,6962,4444,3032,1412,9661,4658,5003
15,State - MIZORAM (15),Total,Total,0-14,2682,1494,1188,22,17,5,2622,1454,1168
15,State - MIZORAM (15),Total,Total,15-59,9550,5186,4364,3658,2468,1190,5071,2331,2740
15,State - MIZORAM (15),Total,Total,60+,2877,1481,1396,761,544,217,1922,840,1082
15,State - MIZORAM (15),Total,In-Seeing,Total,2035,1087,948,694,503,191,1226,530,696
15,State - MIZORAM (15),Total,In-Seeing,15-59,1158,653,505,576,412,164,499,203,296
15,State - MIZORAM (15),Total,In-Seeing,60+,454,206,248,113,86,27,317,109,208
15,State - MIZORAM (15),Total,In-Hearing,Total,3354,1828,1526,1471,987,484,1612,723,889
15,State - MIZORAM (15),Total,In-Hearing,0-14,440,247,193,7,5,2,424,237,187
15,State - MIZORAM (15),Total,In-Hearing,15-59,1896,995,901,1109,726,383,598,201,397
15,State - MIZORAM (15),Total,In-Hearing,60+,1017,586,431,355,256,99,589,285,304
15,State - MIZORAM (15),Total,In-Speech,Total,1163,601,562,357,235,122,707,320,387
15,State - MIZORAM (15),Total,In-Speech,15-59,797,413,384,316,210,106,396,162,234
15,State - MIZORAM (15),Total,In-Speech,60+,121,52,69,40,24,16,71,26,45
15,State - MIZORAM (15),Total,In-Movement,Total,1976,1162,814,474,349,125,1375,747,628
15,State - MIZORAM (15),Total,In-Movement,15-59,1284,775,509,397,290,107,783,429,354
15,State - MIZORAM (15),Total,In-Movement,60+,397,216,181,75,57,18,299,149,150
15,State - MIZORAM (15),Total,Mental-Retardation,Total,1585,843,742,326,217,109,1142,561,581
15,State - MIZORAM (15),Total,Mental-Retardation,15-59,1162,607,555,292,193,99,771,358,413
15,State - MIZORAM (15),Total,Mental-Retardation,60+,146,68,78,31,21,10,103,41,62
15,State - MIZORAM (15),Total,Mental-Illness,Total,1050,576,474,129,81,48,874,470,404
15,State - MIZORAM (15),Total,Mental-Illness,15-59,808,445,363,117,73,44,652,350,302
15,State - MIZORAM (15),Total,Mental-Illness,60+,97,41,56,12,8,4,77,30,47
15,State - MIZORAM (15),Total,Any-Other,Total,1914,1009,905,630,422,208,1125,517,608
15,State - MIZORAM (15),Total,Any-Other,0-14,509,274,235,6,3,3,494,265,229
15,State - MIZORAM (15),Total,Any-Other,15-59,1180,616,564,563,374,189,484,186,298
15,State - MIZORAM (15),Total,Any-Other,60+,223,118,105,60,44,16,146,66,80
15,State - MIZORAM (15),Total,Multiple-Disability,Total,2083,1092,991,363,238,125,1600,790,810
15,State - MIZORAM (15),Total,Multiple-Disability,15-59,1265,682,583,288,190,98,888,442,446
15,State - MIZORAM (15),Total,Multiple-Disability,60+,422,194,228,75,48,27,320,134,186
15,State - MIZORAM (15),Rural,Total,Total,8627,4584,4043,2956,1985,971,5045,2328,2717
15,State - MIZORAM (15),Rural,Total,0-14,1553,875,678,18,15,3,1506,842,664
15,State - MIZORAM (15),Rural,Total,15-59,5298,2806,2492,2393,1581,812,2437,1031,1406
15,State - MIZORAM (15),Rural,Total,60+,1770,899,871,543,387,156,1099,453,646
15,State - MIZORAM (15),Rural,In-Seeing,Total,1237,669,568,480,355,125,697,290,407
15,State - MIZORAM (15),Rural,In-Seeing,15-59,694,405,289,394,290,104,262,101,161
15,State - MIZORAM (15),Rural,In-Seeing,60+,301,138,163,82,61,21,203,70,133
15,State - MIZORAM (15),Rural,In-Hearing,Total,1989,1055,934,959,623,336,872,370,502
15,State - MIZORAM (15),Rural,In-Hearing,0-14,264,150,114,5,4,1,253,142,111
15,State - MIZORAM (15),Rural,In-Hearing,15-59,1107,553,554,708,439,269,294,84,210
15,State - MIZORAM (15),Rural,In-Hearing,60+,618,352,266,246,180,66,325,144,181
15,State - MIZORAM (15),Rural,In-Speech,Total,735,399,336,274,182,92,394,190,204
15,State - MIZORAM (15),Rural,In-Speech,15-59,506,280,226,243,163,80,209,94,115
15,State - MIZORAM (15),Rural,In-Speech,60+,75,33,42,30,18,12,36,14,22
15,State - MIZORAM (15),Rural,In-Movement,Total,1141,651,490,292,207,85,774,408,366
15,State - MIZORAM (15),Rural,In-Movement,15-59,701,404,297,237,166,71,404,210,194
15,State - MIZORAM (15),Rural,In-Movement,60+,244,130,114,53,39,14,176,83,93
15,State - MIZORAM (15),Rural,Mental-Retardation,Total,776,410,366,201,133,68,513,246,267
15,State - MIZORAM (15),Rural,Mental-Retardation,15-59,560,287,273,179,116,63,328,144,184
15,State - MIZORAM (15),Rural,Mental-Retardation,60+,73,35,38,20,15,5,46,17,29
15,State - MIZORAM (15),Rural,Mental-Illness,Total,423,197,226,82,54,28,312,129,183
15,State - MIZORAM (15),Rural,Mental-Illness,15-59,310,145,165,73,49,24,212,83,129
15,State - MIZORAM (15),Rural,Mental-Illness,60+,50,18,32,9,5,4,37,12,25
15,State - MIZORAM (15),Rural,Any-Other,Total,1121,588,533,401,258,143,622,289,333
15,State - MIZORAM (15),Rural,Any-Other,0-14,296,166,130,5,3,2,283,158,125
15,State - MIZORAM (15),Rural,Any-Other,15-59,685,350,335,349,220,129,257,98,159
15,State - MIZORAM (15),Rural,Any-Other,60+,139,71,68,46,34,12,82,33,49
15,State - MIZORAM (15),Rural,Multiple-Disability,Total,1205,615,590,267,173,94,861,406,455
15,State - MIZORAM (15),Rural,Multiple-Disability,15-59,735,382,353,210,138,72,471,217,254
15,State - MIZORAM (15),Rural,Multiple-Disability,60+,270,122,148,57,35,22,194,80,114
15,State - MIZORAM (15),Urban,Total,Total,6533,3614,2919,1488,1047,441,4616,2330,2286
15,State - MIZORAM (15),Urban,Total,0-14,1129,619,510,4,2,2,1116,612,504
15,State - MIZORAM (15),Urban,Total,15-59,4252,2380,1872,1265,887,378,2634,1300,1334
15,State - MIZORAM (15),Urban,Total,60+,1107,582,525,218,157,61,823,387,436
15,State - MIZORAM (15),Urban,In-Seeing,Total,798,418,380,214,148,66,529,240,289
15,State - MIZORAM (15),Urban,In-Seeing,15-59,464,248,216,182,122,60,237,102,135
15,State - MIZORAM (15),Urban,In-Seeing,60+,153,68,85,31,25,6,114,39,75
15,State - MIZORAM (15),Urban,In-Hearing,Total,1365,773,592,512,364,148,740,353,387
15,State - MIZORAM (15),Urban,In-Hearing,0-14,176,97,79,2,1,1,171,95,76
15,State - MIZORAM (15),Urban,In-Hearing,15-59,789,442,347,401,287,114,304,117,187
15,State - MIZORAM (15),Urban,In-Hearing,60+,399,234,165,109,76,33,264,141,123
15,State - MIZORAM (15),Urban,In-Speech,Total,428,202,226,83,53,30,313,130,183
15,State - MIZORAM (15),Urban,In-Speech,15-59,291,133,158,73,47,26,187,68,119
15,State - MIZORAM (15),Urban,In-Speech,60+,46,19,27,10,6,4,35,12,23
15,State - MIZORAM (15),Urban,In-Movement,Total,835,511,324,182,142,40,601,339,262
15,State - MIZORAM (15),Urban,In-Movement,15-59,583,371,212,160,124,36,379,219,160
15,State - MIZORAM (15),Urban,In-Movement,60+,153,86,67,22,18,4,123,66,57
15,State - MIZORAM (15),Urban,Mental-Retardation,Total,809,433,376,125,84,41,629,315,314
15,State - MIZORAM (15),Urban,Mental-Retardation,15-59,602,320,282,113,77,36,443,214,229
15,State - MIZORAM (15),Urban,Mental-Retardation,60+,73,33,40,11,6,5,57,24,33
15,State - MIZORAM (15),Urban,Mental-Illness,Total,627,379,248,47,27,20,562,341,221
15,State - MIZORAM (15),Urban,Mental-Illness,15-59,498,300,198,44,24,20,440,267,173
15,State - MIZORAM (15),Urban,Any-Other,Total,793,421,372,229,164,65,503,228,275
15,State - MIZORAM (15),Urban,Any-Other,15-59,495,266,229,214,154,60,227,88,139
15,State - MIZORAM (15),Urban,Any-Other,60+,84,47,37,14,10,4,64,33,31
15,State - MIZORAM (15),Urban,Multiple-Disability,Total,878,477,401,96,65,31,739,384,355
15,State - MIZORAM (15),Urban,Multiple-Disability,15-59,530,300,230,78,52,26,417,225,192
15,State - MIZORAM (15),Urban,Multiple-Disability,60+,152,72,80,18,13,5,126,54,72
16,State - TRIPURA (16),Total,Total,Total,64346,35482,28864,15842,13247,2595,42719,19258,23461
16,State - TRIPURA (16),Total,Total,0-14,11356,6252,5104,71,48,23,11160,6132,5028
16,State - TRIPURA (16),Total,Total,15-59,39619,22866,16753,13671,11429,2242,21161,9005,12156
16,State - TRIPURA (16),Total,Total,60+,13324,6340,6984,2087,1761,326,10365,4107,6258
16,State - TRIPURA (16),Total,Total,Age not stated,47,24,23,13,9,4,33,14,19
16,State - TRIPURA (16),Total,In-Seeing,Total,10828,5512,5316,2866,2361,505,6975,2694,4281
16,State - TRIPURA (16),Total,In-Seeing,0-14,1418,758,660,12,10,2,1396,742,654
16,State - TRIPURA (16),Total,In-Seeing,15-59,5778,3197,2581,2274,1876,398,2749,977,1772
16,State - TRIPURA (16),Total,In-Seeing,60+,3624,1550,2074,575,470,105,2828,974,1854
16,State - TRIPURA (16),Total,In-Hearing,Total,11695,6382,5313,4096,3468,628,6288,2360,3928
16,State - TRIPURA (16),Total,In-Hearing,0-14,1803,946,857,21,15,6,1750,913,837
16,State - TRIPURA (16),Total,In-Hearing,15-59,7228,4152,3076,3528,2998,530,2662,747,1915
16,State - TRIPURA (16),Total,In-Hearing,60+,2656,1277,1379,545,453,92,1870,695,1175
16,State - TRIPURA (16),Total,In-Speech,Total,4567,2538,2029,1041,867,174,3096,1436,1660
16,State - TRIPURA (16),Total,In-Speech,0-14,1113,634,479,3,2,1,1101,626,475
16,State - TRIPURA (16),Total,In-Speech,15-59,3136,1728,1408,964,800,164,1783,718,1065
16,State - TRIPURA (16),Total,In-Speech,60+,316,176,140,74,65,9,210,92,118
16,State - TRIPURA (16),Total,In-Movement,Total,11707,7126,4581,2837,2456,381,7935,4047,3888
16,State - TRIPURA (16),Total,In-Movement,0-14,1493,859,634,6,4,2,1474,849,625
16,State - TRIPURA (16),Total,In-Movement,15-59,7358,4779,2579,2516,2171,345,4058,2085,1973
16,State - TRIPURA (16),Total,In-Movement,60+,2851,1486,1365,315,281,34,2398,1111,1287
16,State - TRIPURA (16),Total,Mental-Retardation,Total,4307,2358,1949,645,524,121,3322,1671,1651
16,State - TRIPURA (16),Total,Mental-Retardation,15-59,3226,1769,1457,578,470,108,2346,1152,1194
16,State - TRIPURA (16),Total,Mental-Retardation,60+,349,166,183,63,54,9,256,98,158
16,State - TRIPURA (16),Total,Mental-Illness,Total,2909,1583,1326,336,268,68,2356,1172,1184
16,State - TRIPURA (16),Total,Mental-Illness,15-59,2284,1265,1019,294,232,62,1793,902,891
16,State - TRIPURA (16),Total,Mental-Illness,60+,405,196,209,41,35,6,346,150,196
16,State - TRIPURA (16),Total,Any-Other,Total,11825,6505,5320,3381,2785,596,7203,3130,4073
16,State - TRIPURA (16),Total,Any-Other,0-14,3172,1687,1485,21,12,9,3107,1648,1459
16,State - TRIPURA (16),Total,Any-Other,15-59,7368,4128,3240,3014,2471,543,3274,1147,2127
16,State - TRIPURA (16),Total,Any-Other,60+,1276,687,589,343,300,43,816,334,482
16,State - TRIPURA (16),Total,Any-Other,Age not stated,9,3,6,3,2,1,6,1,5
16,State - TRIPURA (16),Total,Multiple-Disability,Total,6508,3478,3030,640,518,122,5544,2748,2796
16,State - TRIPURA (16),Total,Multiple-Disability,0-14,1415,826,589,5,4,1,1403,816,587
16,State - TRIPURA (16),Total,Multiple-Disability,15-59,3241,1848,1393,503,411,92,2496,1277,1219
16,State - TRIPURA (16),Total,Multiple-Disability,60+,1847,802,1045,131,103,28,1641,653,988
16,State - TRIPURA (16),Rural,Total,Total,44942,24636,20306,10928,9139,1789,29340,13197,16143
16,State - TRIPURA (16),Rural,Total,0-14,8595,4710,3885,55,37,18,8436,4613,3823
16,State - TRIPURA (16),Rural,Total,15-59,27098,15527,11571,9221,7724,1497,14042,5953,8089
16,State - TRIPURA (16),Rural,Total,60+,9220,4381,4839,1642,1371,271,6843,2620,4223
16,State - TRIPURA (16),Rural,Total,Age not stated,29,18,11,10,7,3,19,11,8
16,State - TRIPURA (16),Rural,In-Seeing,Total,7675,3913,3762,1971,1634,337,4895,1911,2984
16,State - TRIPURA (16),Rural,In-Seeing,0-14,1101,580,521,10,9,1,1082,565,517
16,State - TRIPURA (16),Rural,In-Seeing,15-59,4011,2221,1790,1521,1271,250,1877,678,1199
16,State - TRIPURA (16),Rural,In-Seeing,60+,2556,1106,1450,435,349,86,1934,667,1267
16,State - TRIPURA (16),Rural,In-Hearing,Total,8585,4652,3933,3006,2534,472,4468,1667,2801
16,State - TRIPURA (16),Rural,In-Hearing,0-14,1476,768,708,14,10,4,1432,741,691
16,State - TRIPURA (16),Rural,In-Hearing,15-59,5196,2968,2228,2542,2150,392,1784,496,1288
16,State - TRIPURA (16),Rural,In-Hearing,60+,1907,911,996,449,373,76,1247,426,821
16,State - TRIPURA (16),Rural,In-Speech,Total,3039,1702,1337,659,559,100,2053,962,1091
16,State - TRIPURA (16),Rural,In-Speech,0-14,820,464,356,3,2,1,811,458,353
16,State - TRIPURA (16),Rural,In-Speech,15-59,2012,1119,893,594,502,92,1119,453,666
16,State - TRIPURA (16),Rural,In-Speech,60+,207,119,88,62,55,7,123,51,72
16,State - TRIPURA (16),Rural,In-Movement,Total,8015,4846,3169,1780,1554,226,5516,2830,2686
16,State - TRIPURA (16),Rural,In-Movement,0-14,1109,643,466,4,3,1,1093,634,459
16,State - TRIPURA (16),Rural,In-Movement,15-59,4972,3210,1762,1548,1354,194,2836,1480,1356
16,State - TRIPURA (16),Rural,In-Movement,60+,1932,992,940,228,197,31,1585,715,870
16,State - TRIPURA (16),Rural,Mental-Retardation,Total,3027,1640,1387,505,405,100,2235,1104,1131
16,State - TRIPURA (16),Rural,Mental-Retardation,15-59,2230,1210,1020,452,365,87,1524,726,798
16,State - TRIPURA (16),Rural,Mental-Retardation,60+,242,110,132,49,40,9,166,59,107
16,State - TRIPURA (16),Rural,Mental-Illness,Total,1865,993,872,220,180,40,1477,707,770
16,State - TRIPURA (16),Rural,Mental-Illness,15-59,1440,778,662,190,154,36,1098,527,571
16,State - TRIPURA (16),Rural,Mental-Illness,60+,264,125,139,29,25,4,221,92,129
16,State - TRIPURA (16),Rural,Any-Other,Total,8449,4611,3838,2351,1925,426,5077,2232,2845
16,State - TRIPURA (16),Rural,Any-Other,0-14,2395,1276,1119,17,9,8,2345,1247,1098
16,State - TRIPURA (16),Rural,Any-Other,15-59,5134,2833,2301,2052,1671,381,2198,773,1425
16,State - TRIPURA (16),Rural,Any-Other,60+,914,500,414,280,244,36,530,211,319
16,State - TRIPURA (16),Rural,Any-Other,Age not stated,6,2,4,2,1,1,4,1,3
16,State - TRIPURA (16),Rural,Multiple-Disability,Total,4287,2279,2008,436,348,88,3619,1784,1835
16,State - TRIPURA (16),Rural,Multiple-Disability,0-14,983,571,412,4,3,1,973,563,410
16,State - TRIPURA (16),Rural,Multiple-Disability,15-59,2103,1188,915,322,257,65,1606,820,786
16,State - TRIPURA (16),Rural,Multiple-Disability,60+,1198,518,680,110,88,22,1037,399,638
16,State - TRIPURA (16),Urban,Total,Total,19404,10846,8558,4914,4108,806,13379,6061,7318
16,State - TRIPURA (16),Urban,Total,0-14,2761,1542,1219,16,11,5,2724,1519,1205
16,State - TRIPURA (16),Urban,Total,15-59,12521,7339,5182,4450,3705,745,7119,3052,4067
16,State - TRIPURA (16),Urban,Total,60+,4104,1959,2145,445,390,55,3522,1487,2035
16,State - TRIPURA (16),Urban,Total,Age not stated,18,6,12,3,2,1,14,3,11
16,State - TRIPURA (16),Urban,In-Seeing,Total,3153,1599,1554,895,727,168,2080,783,1297
16,State - TRIPURA (16),Urban,In-Seeing,0-14,317,178,139,2,1,1,314,177,137
16,State - TRIPURA (16),Urban,In-Seeing,15-59,1767,976,791,753,605,148,872,299,573
16,State - TRIPURA (16),Urban,In-Seeing,60+,1068,444,624,140,121,19,894,307,587
16,State - TRIPURA (16),Urban,In-Hearing,Total,3110,1730,1380,1090,934,156,1820,693,1127
16,State - TRIPURA (16),Urban,In-Hearing,0-14,327,178,149,7,5,2,318,172,146
16,State - TRIPURA (16),Urban,In-Hearing,15-59,2032,1184,848,986,848,138,878,251,627
16,State - TRIPURA (16),Urban,In-Hearing,60+,749,366,383,96,80,16,623,269,354
16,State - TRIPURA (16),Urban,In-Speech,Total,1528,836,692,382,308,74,1043,474,569
16,State - TRIPURA (16),Urban,In-Speech,15-59,1124,609,515,370,298,72,664,265,399
16,State - TRIPURA (16),Urban,In-Speech,60+,109,57,52,12,10,2,87,41,46
16,State - TRIPURA (16),Urban,In-Movement,Total,3692,2280,1412,1057,902,155,2419,1217,1202
16,State - TRIPURA (16),Urban,In-Movement,0-14,384,216,168,2,1,1,381,215,166
16,State - TRIPURA (16),Urban,In-Movement,15-59,2386,1569,817,968,817,151,1222,605,617
16,State - TRIPURA (16),Urban,In-Movement,60+,919,494,425,87,84,3,813,396,417
16,State - TRIPURA (16),Urban,Mental-Retardation,Total,1280,718,562,140,119,21,1087,567,520
16,State - TRIPURA (16),Urban,Mental-Retardation,15-59,996,559,437,126,105,21,822,426,396
16,State - TRIPURA (16),Urban,Mental-Illness,Total,1044,590,454,116,88,28,879,465,414
16,State - TRIPURA (16),Urban,Mental-Illness,15-59,844,487,357,104,78,26,695,375,320
16,State - TRIPURA (16),Urban,Mental-Illness,60+,141,71,70,12,10,2,125,58,67
16,State - TRIPURA (16),Urban,Any-Other,Total,3376,1894,1482,1030,860,170,2126,898,1228
16,State - TRIPURA (16),Urban,Any-Other,0-14,777,411,366,4,3,1,762,401,361
16,State - TRIPURA (16),Urban,Any-Other,15-59,2234,1295,939,962,800,162,1076,374,702
16,State - TRIPURA (16),Urban,Any-Other,60+,362,187,175,63,56,7,286,123,163
16,State - TRIPURA (16),Urban,Multiple-Disability,Total,2221,1199,1022,204,170,34,1925,964,961
16,State - TRIPURA (16),Urban,Multiple-Disability,15-59,1138,660,478,181,154,27,890,457,433
16,State - TRIPURA (16),Urban,Multiple-Disability,60+,649,284,365,21,15,6,604,254,350
17,State - MEGHALAYA (17),Total,Total,Total,44317,23326,20991,12605,8199,4406,27593,13117,14476
17,State - MEGHALAYA (17),Total,Total,0-14,12912,6899,6013,301,166,135,12278,6559,5719
17,State - MEGHALAYA (17),Total,Total,15-59,25583,13477,12106,10353,6645,3708,12032,5300,6732
17,State - MEGHALAYA (17),Total,Total,60+,5460,2672,2788,1700,1167,533,3184,1208,1976
17,State - MEGHALAYA (17),Total,Total,Age not stated,362,278,84,251,221,30,99,50,49
17,State - MEGHALAYA (17),Total,In-Seeing,Total,6980,3494,3486,2170,1388,782,4134,1786,2348
17,State - MEGHALAYA (17),Total,In-Seeing,0-14,1830,943,887,45,22,23,1729,890,839
17,State - MEGHALAYA (17),Total,In-Seeing,15-59,3728,1916,1812,1710,1088,622,1546,608,938
17,State - MEGHALAYA (17),Total,In-Seeing,60+,1408,627,781,407,273,134,857,287,570
17,State - MEGHALAYA (17),Total,In-Seeing,Age not stated,14,8,6,8,5,3,2,1,1
17,State - MEGHALAYA (17),Total,In-Hearing,Total,12353,6551,5802,4314,2911,1403,6714,3056,3658
17,State - MEGHALAYA (17),Total,In-Hearing,0-14,3618,1938,1680,78,42,36,3451,1855,1596
17,State - MEGHALAYA (17),Total,In-Hearing,15-59,6832,3590,3242,3424,2241,1183,2372,903,1469
17,State - MEGHALAYA (17),Total,In-Hearing,60+,1601,778,823,582,418,164,823,265,558
17,State - MEGHALAYA (17),Total,In-Hearing,Age not stated,302,245,57,230,210,20,68,33,35
17,State - MEGHALAYA (17),Total,In-Speech,Total,2707,1412,1295,706,432,274,1749,837,912
17,State - MEGHALAYA (17),Total,In-Speech,0-14,916,471,445,19,14,5,882,448,434
17,State - MEGHALAYA (17),Total,In-Speech,15-59,1657,870,787,632,387,245,806,362,444
17,State - MEGHALAYA (17),Total,In-Speech,60+,131,70,61,55,31,24,58,26,32
17,State - MEGHALAYA (17),Total,In-Movement,Total,5312,2998,2314,1256,865,391,3675,1905,1770
17,State - MEGHALAYA (17),Total,In-Movement,0-14,1423,800,623,21,10,11,1375,775,600
17,State - MEGHALAYA (17),Total,In-Movement,15-59,3131,1791,1340,1054,726,328,1785,894,891
17,State - MEGHALAYA (17),Total,In-Movement,60+,751,404,347,179,127,52,510,235,275
17,State - MEGHALAYA (17),Total,Mental-Retardation,Total,2332,1235,1097,424,265,159,1712,860,852
17,State - MEGHALAYA (17),Total,Mental-Retardation,0-14,577,301,276,10,7,3,556,286,270
17,State - MEGHALAYA (17),Total,Mental-Retardation,15-59,1634,874,760,381,235,146,1081,543,538
17,State - MEGHALAYA (17),Total,Mental-Retardation,60+,115,58,57,30,22,8,73,30,43
17,State - MEGHALAYA (17),Total,Mental-Retardation,Age not stated,6,2,4,3,1,2,2,1,1
17,State - MEGHALAYA (17),Total,Mental-Illness,Total,2340,1174,1166,425,232,193,1727,851,876
17,State - MEGHALAYA (17),Total,Mental-Illness,0-14,441,253,188,5,3,2,424,243,181
17,State - MEGHALAYA (17),Total,Mental-Illness,15-59,1742,855,887,379,206,173,1198,569,629
17,State - MEGHALAYA (17),Total,Mental-Illness,60+,153,63,90,40,22,18,102,37,65
17,State - MEGHALAYA (17),Total,Any-Other,Total,8717,4586,4131,2729,1734,995,5119,2436,2683
17,State - MEGHALAYA (17),Total,Any-Other,0-14,2969,1547,1422,113,61,52,2748,1429,1319
17,State - MEGHALAYA (17),Total,Any-Other,15-59,5025,2638,2387,2326,1479,847,2027,851,1176
17,State - MEGHALAYA (17),Total,Any-Other,60+,709,394,315,284,192,92,338,153,185
17,State - MEGHALAYA (17),Total,Any-Other,Age not stated,14,7,7,6,2,4,6,3,3
17,State - MEGHALAYA (17),Total,Multiple-Disability,Total,3576,1876,1700,581,372,209,2763,1386,1377
17,State - MEGHALAYA (17),Total,Multiple-Disability,0-14,1138,646,492,10,7,3,1113,633,480
17,State - MEGHALAYA (17),Total,Multiple-Disability,15-59,1834,943,891,447,283,164,1217,570,647
17,State - MEGHALAYA (17),Total,Multiple-Disability,60+,592,278,314,123,82,41,423,175,248
17,State - MEGHALAYA (17),Rural,Total,Total,37566,19576,17990,10859,6846,4013,22816,10858,11958
17,State - MEGHALAYA (17),Rural,Total,0-14,11427,6122,5305,293,163,130,10820,5794,5026
17,State - MEGHALAYA (17),Rural,Total,15-59,21278,11075,10203,8947,5589,3358,9320,4069,5251
17,State - MEGHALAYA (17),Rural,Total,60+,4691,2291,2400,1555,1060,495,2582,948,1634
17,State - MEGHALAYA (17),Rural,Total,Age not stated,170,88,82,64,34,30,94,47,47
17,State - MEGHALAYA (17),Rural,In-Seeing,Total,6069,3026,3043,1894,1187,707,3522,1538,1984
17,State - MEGHALAYA (17),Rural,In-Seeing,0-14,1645,856,789,45,22,23,1548,807,741
17,State - MEGHALAYA (17),Rural,In-Seeing,15-59,3162,1610,1552,1470,912,558,1238,492,746
17,State - MEGHALAYA (17),Rural,In-Seeing,60+,1250,553,697,372,249,123,735,238,497
17,State - MEGHALAYA (17),Rural,In-Hearing,Total,10602,5496,5106,3595,2307,1288,5750,2636,3114
17,State - MEGHALAYA (17),Rural,In-Hearing,0-14,3253,1739,1514,76,40,36,3098,1662,1436
17,State - MEGHALAYA (17),Rural,In-Hearing,15-59,5825,3001,2824,2934,1857,1077,1907,723,1184
17,State - MEGHALAYA (17),Rural,In-Hearing,60+,1407,696,711,540,385,155,677,218,459
17,State - MEGHALAYA (17),Rural,In-Hearing,Age not stated,117,60,57,45,25,20,68,33,35
17,State - MEGHALAYA (17),Rural,In-Speech,Total,2329,1228,1101,628,383,245,1462,711,751
17,State - MEGHALAYA (17),Rural,In-Speech,0-14,796,414,382,19,14,5,762,391,371
17,State - MEGHALAYA (17),Rural,In-Speech,15-59,1414,754,660,560,342,218,647,299,348
17,State - MEGHALAYA (17),Rural,In-Speech,60+,116,59,57,49,27,22,50,20,30
17,State - MEGHALAYA (17),Rural,In-Movement,Total,4500,2535,1965,1096,744,352,3045,1581,1464
17,State - MEGHALAYA (17),Rural,In-Movement,0-14,1238,694,544,18,10,8,1194,670,524
17,State - MEGHALAYA (17),Rural,In-Movement,15-59,2630,1503,1127,912,618,294,1442,726,716
17,State - MEGHALAYA (17),Rural,In-Movement,60+,626,335,291,164,114,50,405,184,221
17,State - MEGHALAYA (17),Rural,Mental-Retardation,Total,1788,928,860,371,227,144,1237,604,633
17,State - MEGHALAYA (17),Rural,Mental-Retardation,0-14,488,262,226,9,7,2,468,247,221
17,State - MEGHALAYA (17),Rural,Mental-Retardation,15-59,1204,619,585,332,200,132,716,336,380
17,State - MEGHALAYA (17),Rural,Mental-Retardation,60+,91,46,45,27,19,8,52,21,31
17,State - MEGHALAYA (17),Rural,Mental-Illness,Total,1881,922,959,386,209,177,1320,631,689
17,State - MEGHALAYA (17),Rural,Mental-Illness,0-14,383,220,163,5,3,2,366,210,156
17,State - MEGHALAYA (17),Rural,Mental-Illness,15-59,1374,651,723,346,188,158,875,392,483
17,State - MEGHALAYA (17),Rural,Mental-Illness,60+,121,49,72,34,17,17,77,28,49
17,State - MEGHALAYA (17),Rural,Any-Other,Total,7360,3844,3516,2361,1457,904,4195,2007,2188
17,State - MEGHALAYA (17),Rural,Any-Other,0-14,2659,1389,1270,113,61,52,2441,1271,1170
17,State - MEGHALAYA (17),Rural,Any-Other,15-59,4128,2142,1986,1987,1221,766,1524,644,880
17,State - MEGHALAYA (17),Rural,Any-Other,60+,560,307,253,256,174,82,224,89,135
17,State - MEGHALAYA (17),Rural,Any-Other,Age not stated,13,6,7,5,1,4,6,3,3
17,State - MEGHALAYA (17),Rural,Multiple-Disability,Total,3037,1597,1440,528,332,196,2285,1150,1135
17,State - MEGHALAYA (17),Rural,Multiple-Disability,0-14,965,548,417,8,6,2,943,536,407
17,State - MEGHALAYA (17),Rural,Multiple-Disability,15-59,1541,795,746,406,251,155,971,457,514
17,State - MEGHALAYA (17),Rural,Multiple-Disability,60+,520,246,274,113,75,38,362,150,212
17,State - MEGHALAYA (17),Urban,Total,Total,6751,3750,3001,1746,1353,393,4777,2259,2518
17,State - MEGHALAYA (17),Urban,Total,0-14,1485,777,708,8,3,5,1458,765,693
17,State - MEGHALAYA (17),Urban,Total,15-59,4305,2402,1903,1406,1056,350,2712,1231,1481
17,State - MEGHALAYA (17),Urban,Total,60+,769,381,388,145,107,38,602,260,342
17,State - MEGHALAYA (17),Urban,In-Seeing,Total,911,468,443,276,201,75,612,248,364
17,State - MEGHALAYA (17),Urban,In-Seeing,15-59,566,306,260,240,176,64,308,116,192
17,State - MEGHALAYA (17),Urban,In-Seeing,60+,158,74,84,35,24,11,122,49,73
17,State - MEGHALAYA (17),Urban,In-Hearing,Total,1751,1055,696,719,604,115,964,420,544
17,State - MEGHALAYA (17),Urban,In-Hearing,15-59,1007,589,418,490,384,106,465,180,285
17,State - MEGHALAYA (17),Urban,In-Hearing,60+,194,82,112,42,33,9,146,47,99
17,State - MEGHALAYA (17),Urban,In-Speech,Total,378,184,194,78,49,29,287,126,161
17,State - MEGHALAYA (17),Urban,In-Speech,15-59,243,116,127,72,45,27,159,63,96
17,State - MEGHALAYA (17),Urban,In-Speech,60+,15,11,4,6,4,2,8,6,2
17,State - MEGHALAYA (17),Urban,In-Movement,Total,812,463,349,160,121,39,630,324,306
17,State - MEGHALAYA (17),Urban,In-Movement,15-59,501,288,213,142,108,34,343,168,175
17,State - MEGHALAYA (17),Urban,In-Movement,60+,125,69,56,15,13,2,105,51,54
17,State - MEGHALAYA (17),Urban,Mental-Retardation,Total,544,307,237,53,38,15,475,256,219
17,State - MEGHALAYA (17),Urban,Mental-Retardation,15-59,430,255,175,49,35,14,365,207,158
17,State - MEGHALAYA (17),Urban,Mental-Illness,Total,459,252,207,39,23,16,407,220,187
17,State - MEGHALAYA (17),Urban,Mental-Illness,15-59,368,204,164,33,18,15,323,177,146
17,State - MEGHALAYA (17),Urban,Mental-Illness,60+,32,14,18,6,5,1,25,9,16
17,State - MEGHALAYA (17),Urban,Any-Other,Total,1357,742,615,368,277,91,924,429,495
17,State - MEGHALAYA (17),Urban,Any-Other,15-59,897,496,401,339,258,81,503,207,296
17,State - MEGHALAYA (17),Urban,Any-Other,60+,149,87,62,28,18,10,114,64,50
17,State - MEGHALAYA (17),Urban,Multiple-Disability,Total,539,279,260,53,40,13,478,236,242
17,State - MEGHALAYA (17),Urban,Multiple-Disability,0-14,173,98,75,2,1,1,170,97,73
17,State - MEGHALAYA (17),Urban,Multiple-Disability,15-59,293,148,145,41,32,9,246,113,133
17,State - MEGHALAYA (17),Urban,Multiple-Disability,60+,72,32,40,10,7,3,61,25,36
18,State - ASSAM (18),Total,Total,Total,480065,257385,222680,114141,93157,20984,317280,138989,178291
18,State - ASSAM (18),Total,Total,0-14,96966,52687,44279,1370,889,481,92997,50373,42624
18,State - ASSAM (18),Total,Total,15-59,274830,152533,122297,91804,74728,17076,144689,58200,86489
18,State - ASSAM (18),Total,Total,60+,107682,51868,55814,20863,17459,3404,79225,30242,48983
18,State - ASSAM (18),Total,Total,Age not stated,587,297,290,104,81,23,369,174,195
18,State - ASSAM (18),Total,In-Seeing,Total,80553,41052,39501,21159,17335,3824,51149,19709,31440
18,State - ASSAM (18),Total,In-Seeing,0-14,14834,7828,7006,192,125,67,14287,7522,6765
18,State - ASSAM (18),Total,In-Seeing,15-59,41398,21871,19527,15926,12947,2979,19410,6115,13295
18,State - ASSAM (18),Total,In-Seeing,60+,24264,11331,12933,5032,4257,775,17414,6060,11354
18,State - ASSAM (18),Total,In-Seeing,Age not stated,57,22,35,9,6,3,38,12,26
18,State - ASSAM (18),Total,In-Hearing,Total,101577,51782,49795,29464,23618,5846,59405,22317,37088
18,State - ASSAM (18),Total,In-Hearing,0-14,21395,10930,10465,380,237,143,20310,10320,9990
18,State - ASSAM (18),Total,In-Hearing,15-59,55848,29174,26674,23240,18464,4776,22825,6389,16436
18,State - ASSAM (18),Total,In-Hearing,60+,24104,11562,12542,5810,4887,923,16149,5547,10602
18,State - ASSAM (18),Total,In-Hearing,Age not stated,230,116,114,34,30,4,121,61,60
18,State - ASSAM (18),Total,In-Speech,Total,39750,21885,17865,9151,7597,1554,26449,12007,14442
18,State - ASSAM (18),Total,In-Speech,0-14,10443,5942,4501,105,73,32,10108,5727,4381
18,State - ASSAM (18),Total,In-Speech,15-59,26296,14264,12032,8192,6797,1395,14424,5461,8963
18,State - ASSAM (18),Total,In-Speech,60+,2974,1659,1315,847,722,125,1892,807,1085
18,State - ASSAM (18),Total,In-Speech,Age not stated,37,20,17,7,5,2,25,12,13
18,State - ASSAM (18),Total,In-Movement,Total,76007,45099,30908,16810,14706,2104,53123,26551,26572
18,State - ASSAM (18),Total,In-Movement,0-14,11345,6752,4593,90,70,20,11080,6568,4512
18,State - ASSAM (18),Total,In-Movement,15-59,42341,27009,15332,13491,11874,1617,24078,12075,12003
18,State - ASSAM (18),Total,In-Movement,60+,22281,11312,10969,3222,2756,466,17933,7889,10044
18,State - ASSAM (18),Total,In-Movement,Age not stated,40,26,14,7,6,1,32,19,13
18,State - ASSAM (18),Total,Mental-Retardation,Total,26374,14864,11510,4660,3860,800,19398,9696,9702
18,State - ASSAM (18),Total,Mental-Retardation,0-14,5183,2882,2301,67,48,19,4981,2754,2227
18,State - ASSAM (18),Total,Mental-Retardation,15-59,18888,10819,8069,4124,3428,696,12764,6268,6496
18,State - ASSAM (18),Total,Mental-Retardation,60+,2268,1146,1122,464,382,82,1624,659,965
18,State - ASSAM (18),Total,Mental-Retardation,Age not stated,35,17,18,5,2,3,29,15,14
18,State - ASSAM (18),Total,Mental-Illness,Total,18819,10625,8194,2705,2248,457,14468,7378,7090
18,State - ASSAM (18),Total,Mental-Illness,0-14,1515,893,622,28,24,4,1453,846,607
18,State - ASSAM (18),Total,Mental-Illness,15-59,14260,8243,6017,2193,1828,365,10677,5575,5102
18,State - ASSAM (18),Total,Mental-Illness,60+,3028,1480,1548,483,396,87,2323,948,1375
18,State - ASSAM (18),Total,Any-Other,Total,87461,46525,40936,24248,18933,5315,52848,22436,30412
18,State - ASSAM (18),Total,Any-Other,0-14,23191,12248,10943,458,275,183,21872,11519,10353
18,State - ASSAM (18),Total,Any-Other,15-59,52476,28341,24135,20510,15998,4512,23540,8186,15354
18,State - ASSAM (18),Total,Any-Other,60+,11664,5869,5795,3244,2633,611,7361,2699,4662
18,State - ASSAM (18),Total,Any-Other,Age not stated,130,67,63,36,27,9,75,32,43
18,State - ASSAM (18),Total,Multiple-Disability,Total,49524,25553,23971,5944,4860,1084,40440,18895,21545
18,State - ASSAM (18),Total,Multiple-Disability,0-14,9060,5212,3848,50,37,13,8906,5117,3789
18,State - ASSAM (18),Total,Multiple-Disability,15-59,23323,12812,10511,4128,3392,736,16971,8131,8840
18,State - ASSAM (18),Total,Multiple-Disability,60+,17099,7509,9590,1761,1426,335,14529,5633,8896
18,State - ASSAM (18),Rural,Total,Total,415457,222422,193035,98289,80186,18103,273021,119525,153496
18,State - ASSAM (18),Rural,Total,0-14,85909,46699,39210,1143,764,379,82499,44678,37821
18,State - ASSAM (18),Rural,Total,15-59,233560,129474,104086,78190,63520,14670,120668,48407,72261
18,State - ASSAM (18),Rural,Total,60+,95527,46013,49514,18871,15832,3039,69576,26306,43270
18,State - ASSAM (18),Rural,Total,Age not stated,461,236,225,85,70,15,278,134,144
18,State - ASSAM (18),Rural,In-Seeing,Total,70574,35952,34622,18351,15031,3320,44614,17271,27343
18,State - ASSAM (18),Rural,In-Seeing,0-14,13323,7047,6276,168,111,57,12828,6768,6060
18,State - ASSAM (18),Rural,In-Seeing,15-59,35450,18701,16749,13581,11021,2560,16305,5152,11153
18,State - ASSAM (18),Rural,In-Seeing,60+,21756,10187,11569,4593,3893,700,15454,5343,10111
18,State - ASSAM (18),Rural,In-Seeing,Age not stated,45,17,28,9,6,3,27,8,19
18,State - ASSAM (18),Rural,In-Hearing,Total,89057,45552,43505,26033,20873,5160,51451,19412,32039
18,State - ASSAM (18),Rural,In-Hearing,0-14,19127,9754,9373,320,201,119,18180,9219,8961
18,State - ASSAM (18),Rural,In-Hearing,15-59,48124,25294,22830,20328,16124,4204,18936,5318,13618
18,State - ASSAM (18),Rural,In-Hearing,60+,21611,10408,11203,5355,4521,834,14241,4827,9414
18,State - ASSAM (18),Rural,In-Hearing,Age not stated,195,96,99,30,27,3,94,48,46
18,State - ASSAM (18),Rural,In-Speech,Total,34498,18944,15554,7856,6504,1352,22784,10348,12436
18,State - ASSAM (18),Rural,In-Speech,0-14,9288,5304,3984,93,67,26,8979,5104,3875
18,State - ASSAM (18),Rural,In-Speech,15-59,22635,12222,10413,7001,5795,1206,12215,4589,7626
18,State - ASSAM (18),Rural,In-Speech,60+,2549,1406,1143,757,638,119,1573,649,924
18,State - ASSAM (18),Rural,In-Speech,Age not stated,26,12,14,5,4,1,17,6,11
18,State - ASSAM (18),Rural,In-Movement,Total,66866,39551,27315,14532,12690,1842,46650,23305,23345
18,State - ASSAM (18),Rural,In-Movement,0-14,10296,6129,4167,83,63,20,10051,5960,4091
18,State - ASSAM (18),Rural,In-Movement,15-59,36983,23470,13513,11532,10127,1405,20979,10508,10471
18,State - ASSAM (18),Rural,In-Movement,60+,19557,9932,9625,2911,2495,416,15596,6822,8774
18,State - ASSAM (18),Rural,In-Movement,Age not stated,30,20,10,6,5,1,24,15,9
18,State - ASSAM (18),Rural,Mental-Retardation,Total,22416,12519,9897,4082,3352,730,16184,7963,8221
18,State - ASSAM (18),Rural,Mental-Retardation,0-14,4465,2452,2013,64,46,18,4280,2333,1947
18,State - ASSAM (18),Rural,Mental-Retardation,15-59,15972,9051,6921,3590,2959,631,10527,5062,5465
18,State - ASSAM (18),Rural,Mental-Retardation,60+,1956,1004,952,425,345,80,1358,558,800
18,State - ASSAM (18),Rural,Mental-Retardation,Age not stated,23,12,11,3,2,1,19,10,9
18,State - ASSAM (18),Rural,Mental-Illness,Total,16014,8908,7106,2461,2041,420,11989,5924,6065
18,State - ASSAM (18),Rural,Mental-Illness,0-14,1341,781,560,25,21,4,1285,739,546
18,State - ASSAM (18),Rural,Mental-Illness,15-59,12019,6819,5200,1991,1659,332,8707,4369,4338
18,State - ASSAM (18),Rural,Mental-Illness,60+,2641,1300,1341,444,361,83,1985,808,1177
18,State - ASSAM (18),Rural,Any-Other,Total,72044,38395,33649,19593,15287,4306,43683,18774,24909
18,State - ASSAM (18),Rural,Any-Other,0-14,20089,10652,9437,348,224,124,19054,10060,8994
18,State - ASSAM (18),Rural,Any-Other,15-59,41947,22715,19232,16466,12789,3677,18347,6445,11902
18,State - ASSAM (18),Rural,Any-Other,60+,9913,4973,4940,2751,2251,500,6225,2242,3983
18,State - ASSAM (18),Rural,Any-Other,Age not stated,95,55,40,28,23,5,57,27,30
18,State - ASSAM (18),Rural,Multiple-Disability,Total,43988,22601,21387,5381,4408,973,35666,16528,19138
18,State - ASSAM (18),Rural,Multiple-Disability,0-14,7980,4580,3400,42,31,11,7842,4495,3347
18,State - ASSAM (18),Rural,Multiple-Disability,15-59,20430,11202,9228,3701,3046,655,14652,6964,7688
18,State - ASSAM (18),Rural,Multiple-Disability,60+,15544,6803,8741,1635,1328,307,13144,5057,8087
18,State - ASSAM (18),Urban,Total,Total,64608,34963,29645,15852,12971,2881,44259,19464,24795
18,State - ASSAM (18),Urban,Total,0-14,11057,5988,5069,227,125,102,10498,5695,4803
18,State - ASSAM (18),Urban,Total,15-59,41270,23059,18211,13614,11208,2406,24021,9793,14228
18,State - ASSAM (18),Urban,Total,60+,12155,5855,6300,1992,1627,365,9649,3936,5713
18,State - ASSAM (18),Urban,Total,Age not stated,126,61,65,19,11,8,91,40,51
18,State - ASSAM (18),Urban,In-Seeing,Total,9979,5100,4879,2808,2304,504,6535,2438,4097
18,State - ASSAM (18),Urban,In-Seeing,0-14,1511,781,730,24,14,10,1459,754,705
18,State - ASSAM (18),Urban,In-Seeing,15-59,5948,3170,2778,2345,1926,419,3105,963,2142
18,State - ASSAM (18),Urban,In-Seeing,60+,2508,1144,1364,439,364,75,1960,717,1243
18,State - ASSAM (18),Urban,In-Hearing,Total,12520,6230,6290,3431,2745,686,7954,2905,5049
18,State - ASSAM (18),Urban,In-Hearing,0-14,2268,1176,1092,60,36,24,2130,1101,1029
18,State - ASSAM (18),Urban,In-Hearing,15-59,7724,3880,3844,2912,2340,572,3889,1071,2818
18,State - ASSAM (18),Urban,In-Hearing,60+,2493,1154,1339,455,366,89,1908,720,1188
18,State - ASSAM (18),Urban,In-Hearing,Age not stated,35,20,15,4,3,1,27,13,14
18,State - ASSAM (18),Urban,In-Speech,Total,5252,2941,2311,1295,1093,202,3665,1659,2006
18,State - ASSAM (18),Urban,In-Speech,0-14,1155,638,517,12,6,6,1129,623,506
18,State - ASSAM (18),Urban,In-Speech,15-59,3661,2042,1619,1191,1002,189,2209,872,1337
18,State - ASSAM (18),Urban,In-Speech,60+,425,253,172,90,84,6,319,158,161
18,State - ASSAM (18),Urban,In-Speech,Age not stated,11,8,3,2,1,1,8,6,2
18,State - ASSAM (18),Urban,In-Movement,Total,9141,5548,3593,2278,2016,262,6473,3246,3227
18,State - ASSAM (18),Urban,In-Movement,15-59,5358,3539,1819,1959,1747,212,3099,1567,1532
18,State - ASSAM (18),Urban,In-Movement,60+,2724,1380,1344,311,261,50,2337,1067,1270
18,State - ASSAM (18),Urban,Mental-Retardation,Total,3958,2345,1613,578,508,70,3214,1733,1481
18,State - ASSAM (18),Urban,Mental-Retardation,0-14,718,430,288,3,2,1,701,421,280
18,State - ASSAM (18),Urban,Mental-Retardation,15-59,2916,1768,1148,534,469,65,2237,1206,1031
18,State - ASSAM (18),Urban,Mental-Retardation,60+,312,142,170,39,37,2,266,101,165
18,State - ASSAM (18),Urban,Mental-Illness,Total,2805,1717,1088,244,207,37,2479,1454,1025
18,State - ASSAM (18),Urban,Mental-Illness,15-59,2241,1424,817,202,169,33,1970,1206,764
18,State - ASSAM (18),Urban,Mental-Illness,60+,387,180,207,39,35,4,338,140,198
18,State - ASSAM (18),Urban,Any-Other,Total,15417,8130,7287,4655,3646,1009,9165,3662,5503
18,State - ASSAM (18),Urban,Any-Other,0-14,3102,1596,1506,110,51,59,2818,1459,1359
18,State - ASSAM (18),Urban,Any-Other,15-59,10529,5626,4903,4044,3209,835,5193,1741,3452
18,State - ASSAM (18),Urban,Any-Other,60+,1751,896,855,493,382,111,1136,457,679
18,State - ASSAM (18),Urban,Any-Other,Age not stated,35,12,23,8,4,4,18,5,13
18,State - ASSAM (18),Urban,Multiple-Disability,Total,5536,2952,2584,563,452,111,4774,2367,2407
18,State - ASSAM (18),Urban,Multiple-Disability,0-14,1080,632,448,8,6,2,1064,622,442
18,State - ASSAM (18),Urban,Multiple-Disability,15-59,2893,1610,1283,427,346,81,2319,1167,1152
18,State - ASSAM (18),Urban,Multiple-Disability,60+,1555,706,849,126,98,28,1385,576,809
19,State - WEST BENGAL (19),Total,Total,Total,2017406,1127181,890225,482858,409252,73606,1331890,591294,740596
19,State - WEST BENGAL (19),Total,Total,0-14,377829,207213,170616,4889,3235,1654,365885,199958,165927
19,State - WEST BENGAL (19),Total,Total,15-59,1270683,731167,539516,419848,356081,63767,680413,269320,411093
19,State - WEST BENGAL (19),Total,Total,60+,365892,187136,178756,57440,49389,8051,283613,121098,162515
19,State - WEST BENGAL (19),Total,Total,Age not stated,3002,1665,1337,681,547,134,1979,918,1061
19,State - WEST BENGAL (19),Total,In-Seeing,Total,424473,223325,201148,116045,98560,17485,262743,97665,165078
19,State - WEST BENGAL (19),Total,In-Seeing,0-14,70434,37249,33185,1072,748,324,67784,35632,32152
19,State - WEST BENGAL (19),Total,In-Seeing,15-59,252485,137701,114784,97875,83071,14804,118043,33352,84691
19,State - WEST BENGAL (19),Total,In-Seeing,60+,100859,47999,52860,16922,14596,2326,76489,28510,47979
19,State - WEST BENGAL (19),Total,In-Seeing,Age not stated,695,376,319,176,145,31,427,171,256
19,State - WEST BENGAL (19),Total,In-Hearing,Total,315192,165753,149439,88292,73355,14937,188625,70747,117878
19,State - WEST BENGAL (19),Total,In-Hearing,0-14,58665,30217,28448,1206,727,479,55753,28582,27171
19,State - WEST BENGAL (19),Total,In-Hearing,15-59,193832,104046,89786,75493,62749,12744,86684,23722,62962
19,State - WEST BENGAL (19),Total,In-Hearing,60+,62109,31191,30918,11464,9776,1688,45799,18282,27517
19,State - WEST BENGAL (19),Total,In-Hearing,Age not stated,586,299,287,129,103,26,389,161,228
19,State - WEST BENGAL (19),Total,In-Speech,Total,147336,81255,66081,36348,30608,5740,97166,41938,55228
19,State - WEST BENGAL (19),Total,In-Speech,0-14,36389,20465,15924,433,292,141,35333,19792,15541
19,State - WEST BENGAL (19),Total,In-Speech,15-59,98378,53967,44411,33146,27927,5219,52903,18288,34615
19,State - WEST BENGAL (19),Total,In-Speech,60+,12339,6697,5642,2726,2352,374,8773,3786,4987
19,State - WEST BENGAL (19),Total,In-Speech,Age not stated,230,126,104,43,37,6,157,72,85
19,State - WEST BENGAL (19),Total,In-Movement,Total,322945,204942,118003,76867,67591,9276,215217,114170,101047
19,State - WEST BENGAL (19),Total,In-Movement,0-14,40235,24266,15969,357,260,97,39380,23688,15692
19,State - WEST BENGAL (19),Total,In-Movement,15-59,206995,137486,69509,67074,58959,8115,113642,58764,54878
19,State - WEST BENGAL (19),Total,In-Movement,60+,75454,43029,32425,9381,8328,1053,62014,31615,30399
19,State - WEST BENGAL (19),Total,In-Movement,Age not stated,261,161,100,55,44,11,181,103,78
19,State - WEST BENGAL (19),Total,Mental-Retardation,Total,136523,76270,60253,20468,17315,3153,106077,52660,53417
19,State - WEST BENGAL (19),Total,Mental-Retardation,0-14,27494,15216,12278,274,183,91,26821,14797,12024
19,State - WEST BENGAL (19),Total,Mental-Retardation,15-59,97971,55205,42766,18527,15728,2799,70551,33855,36696
19,State - WEST BENGAL (19),Total,Mental-Retardation,60+,10844,5737,5107,1637,1381,256,8539,3929,4610
19,State - WEST BENGAL (19),Total,Mental-Retardation,Age not stated,214,112,102,30,23,7,166,79,87
19,State - WEST BENGAL (19),Total,Mental-Illness,Total,71515,40745,30770,8408,7074,1334,56899,29387,27512
19,State - WEST BENGAL (19),Total,Mental-Illness,0-14,8175,4854,3321,63,41,22,7994,4734,3260
19,State - WEST BENGAL (19),Total,Mental-Illness,15-59,53823,31220,22603,7470,6304,1166,40791,21055,19736
19,State - WEST BENGAL (19),Total,Mental-Illness,60+,9445,4633,4812,868,723,145,8054,3570,4484
19,State - WEST BENGAL (19),Total,Mental-Illness,Age not stated,72,38,34,7,6,1,60,28,32
19,State - WEST BENGAL (19),Total,Any-Other,Total,402921,228263,174658,115780,97453,18327,241893,103626,138267
19,State - WEST BENGAL (19),Total,Any-Other,0-14,93256,50036,43220,1262,829,433,90203,48184,42019
19,State - WEST BENGAL (19),Total,Any-Other,15-59,264132,152995,111137,103706,87447,16259,121024,41996,79028
19,State - WEST BENGAL (19),Total,Any-Other,60+,44755,24770,19985,10597,9008,1589,30195,13206,16989
19,State - WEST BENGAL (19),Total,Any-Other,Age not stated,778,462,316,215,169,46,471,240,231
19,State - WEST BENGAL (19),Total,Multiple-Disability,Total,196501,106628,89873,20650,17296,3354,163270,81101,82169
19,State - WEST BENGAL (19),Total,Multiple-Disability,0-14,43181,24910,18271,222,155,67,42617,24549,18068
19,State - WEST BENGAL (19),Total,Multiple-Disability,15-59,103067,58547,44520,16557,13896,2661,76775,38288,38487
19,State - WEST BENGAL (19),Total,Multiple-Disability,60+,50087,23080,27007,3845,3225,620,43750,18200,25550
19,State - WEST BENGAL (19),Total,Multiple-Disability,Age not stated,166,91,75,26,20,6,128,64,64
19,State - WEST BENGAL (19),Rural,Total,Total,1368942,768621,600321,302904,259616,43288,903350,406207,497143
19,State - WEST BENGAL (19),Rural,Total,0-14,271896,150006,121890,2925,1964,961,264166,145259,118907
19,State - WEST BENGAL (19),Rural,Total,15-59,841953,489007,352946,260573,223336,37237,444171,179740,264431
19,State - WEST BENGAL (19),Rural,Total,60+,253669,128812,124857,39104,34073,5031,194097,80784,113313
19,State - WEST BENGAL (19),Rural,Total,Age not stated,1424,796,628,302,243,59,916,424,492
19,State - WEST BENGAL (19),Rural,In-Seeing,Total,277366,145670,131696,69636,59779,9857,171069,63927,107142
19,State - WEST BENGAL (19),Rural,In-Seeing,0-14,47410,25148,22262,572,409,163,45806,24166,21640
19,State - WEST BENGAL (19),Rural,In-Seeing,15-59,158466,86981,71485,57391,49182,8209,71769,20625,51144
19,State - WEST BENGAL (19),Rural,In-Seeing,60+,71190,33376,37814,11605,10129,1476,53312,19066,34246
19,State - WEST BENGAL (19),Rural,In-Seeing,Age not stated,300,165,135,68,59,9,182,70,112
19,State - WEST BENGAL (19),Rural,In-Hearing,Total,200419,105505,94914,53382,44609,8773,117597,44053,73544
19,State - WEST BENGAL (19),Rural,In-Hearing,0-14,38547,19860,18687,650,386,264,36835,18902,17933
19,State - WEST BENGAL (19),Rural,In-Hearing,15-59,119600,64717,54883,44976,37544,7432,50222,13531,36691
19,State - WEST BENGAL (19),Rural,In-Hearing,60+,42003,20787,21216,7703,6635,1068,30362,11544,18818
19,State - WEST BENGAL (19),Rural,In-Hearing,Age not stated,269,141,128,53,44,9,178,76,102
19,State - WEST BENGAL (19),Rural,In-Speech,Total,94298,52419,41879,20347,17416,2931,63251,28137,35114
19,State - WEST BENGAL (19),Rural,In-Speech,0-14,26746,15130,11616,275,187,88,26041,14673,11368
19,State - WEST BENGAL (19),Rural,In-Speech,15-59,60898,33671,27227,18579,15897,2682,32688,11622,21066
19,State - WEST BENGAL (19),Rural,In-Speech,60+,6559,3568,2991,1475,1315,160,4460,1818,2642
19,State - WEST BENGAL (19),Rural,In-Speech,Age not stated,95,50,45,18,17,1,62,24,38
19,State - WEST BENGAL (19),Rural,In-Movement,Total,239059,152327,86732,53194,47293,5901,159666,85253,74413
19,State - WEST BENGAL (19),Rural,In-Movement,0-14,32265,19391,12874,257,195,62,31604,18939,12665
19,State - WEST BENGAL (19),Rural,In-Movement,15-59,152742,101848,50894,46156,40993,5163,84245,43980,40265
19,State - WEST BENGAL (19),Rural,In-Movement,60+,53892,30993,22899,6752,6082,670,43704,22271,21433
19,State - WEST BENGAL (19),Rural,In-Movement,Age not stated,160,95,65,29,23,6,113,63,50
19,State - WEST BENGAL (19),Rural,Mental-Retardation,Total,92526,51475,41051,12780,10900,1880,71614,35434,36180
19,State - WEST BENGAL (19),Rural,Mental-Retardation,0-14,19837,10998,8839,169,115,54,19377,10711,8666
19,State - WEST BENGAL (19),Rural,Mental-Retardation,15-59,65823,36879,28944,11556,9892,1664,46972,22374,24598
19,State - WEST BENGAL (19),Rural,Mental-Retardation,60+,6792,3555,3237,1039,882,157,5218,2324,2894
19,State - WEST BENGAL (19),Rural,Mental-Retardation,Age not stated,74,43,31,16,11,5,47,25,22
19,State - WEST BENGAL (19),Rural,Mental-Illness,Total,49881,28075,21806,6086,5183,903,38601,19359,19242
19,State - WEST BENGAL (19),Rural,Mental-Illness,0-14,6107,3613,2494,45,28,17,5972,3526,2446
19,State - WEST BENGAL (19),Rural,Mental-Illness,15-59,37447,21346,16101,5421,4631,790,27363,13530,13833
19,State - WEST BENGAL (19),Rural,Mental-Illness,60+,6289,3097,3192,616,520,96,5237,2292,2945
19,State - WEST BENGAL (19),Rural,Any-Other,Total,262727,150461,112266,72194,61490,10704,155102,67471,87631
19,State - WEST BENGAL (19),Rural,Any-Other,0-14,66464,35968,30496,799,531,268,64439,34724,29715
19,State - WEST BENGAL (19),Rural,Any-Other,15-59,168415,98986,69429,64408,54953,9455,72884,25275,47609
19,State - WEST BENGAL (19),Rural,Any-Other,60+,27470,15281,12189,6888,5933,955,17561,7357,10204
19,State - WEST BENGAL (19),Rural,Any-Other,Age not stated,378,226,152,99,73,26,218,115,103
19,State - WEST BENGAL (19),Rural,Multiple-Disability,Total,152666,82689,69977,15285,12946,2339,126450,62573,63877
19,State - WEST BENGAL (19),Rural,Multiple-Disability,0-14,34520,19898,14622,158,113,45,34092,19618,14474
19,State - WEST BENGAL (19),Rural,Multiple-Disability,15-59,78562,44579,33983,12086,10244,1842,58028,28803,29225
19,State - WEST BENGAL (19),Rural,Multiple-Disability,60+,39474,18155,21319,3026,2577,449,34243,14112,20131
19,State - WEST BENGAL (19),Rural,Multiple-Disability,Age not stated,110,57,53,15,12,3,87,40,47
19,State - WEST BENGAL (19),Urban,Total,Total,648464,358560,289904,179954,149636,30318,428540,185087,243453
19,State - WEST BENGAL (19),Urban,Total,0-14,105933,57207,48726,1964,1271,693,101719,54699,47020
19,State - WEST BENGAL (19),Urban,Total,15-59,428730,242160,186570,159275,132745,26530,236242,89580,146662
19,State - WEST BENGAL (19),Urban,Total,60+,112223,58324,53899,18336,15316,3020,89516,40314,49202
19,State - WEST BENGAL (19),Urban,Total,Age not stated,1578,869,709,379,304,75,1063,494,569
19,State - WEST BENGAL (19),Urban,In-Seeing,Total,147107,77655,69452,46409,38781,7628,91674,33738,57936
19,State - WEST BENGAL (19),Urban,In-Seeing,0-14,23024,12101,10923,500,339,161,21978,11466,10512
19,State - WEST BENGAL (19),Urban,In-Seeing,15-59,94019,50720,43299,40484,33889,6595,46274,12727,33547
19,State - WEST BENGAL (19),Urban,In-Seeing,60+,29669,14623,15046,5317,4467,850,23177,9444,13733
19,State - WEST BENGAL (19),Urban,In-Seeing,Age not stated,395,211,184,108,86,22,245,101,144
19,State - WEST BENGAL (19),Urban,In-Hearing,Total,114773,60248,54525,34910,28746,6164,71028,26694,44334
19,State - WEST BENGAL (19),Urban,In-Hearing,0-14,20118,10357,9761,556,341,215,18918,9680,9238
19,State - WEST BENGAL (19),Urban,In-Hearing,15-59,74232,39329,34903,30517,25205,5312,36462,10191,26271
19,State - WEST BENGAL (19),Urban,In-Hearing,60+,20106,10404,9702,3761,3141,620,15437,6738,8699
19,State - WEST BENGAL (19),Urban,In-Hearing,Age not stated,317,158,159,76,59,17,211,85,126
19,State - WEST BENGAL (19),Urban,In-Speech,Total,53038,28836,24202,16001,13192,2809,33915,13801,20114
19,State - WEST BENGAL (19),Urban,In-Speech,0-14,9643,5335,4308,158,105,53,9292,5119,4173
19,State - WEST BENGAL (19),Urban,In-Speech,15-59,37480,20296,17184,14567,12030,2537,20215,6666,13549
19,State - WEST BENGAL (19),Urban,In-Speech,60+,5780,3129,2651,1251,1037,214,4313,1968,2345
19,State - WEST BENGAL (19),Urban,In-Speech,Age not stated,135,76,59,25,20,5,95,48,47
19,State - WEST BENGAL (19),Urban,In-Movement,Total,83886,52615,31271,23673,20298,3375,55551,28917,26634
19,State - WEST BENGAL (19),Urban,In-Movement,0-14,7970,4875,3095,100,65,35,7776,4749,3027
19,State - WEST BENGAL (19),Urban,In-Movement,15-59,54253,35638,18615,20918,17966,2952,29397,14784,14613
19,State - WEST BENGAL (19),Urban,In-Movement,60+,21562,12036,9526,2629,2246,383,18310,9344,8966
19,State - WEST BENGAL (19),Urban,In-Movement,Age not stated,101,66,35,26,21,5,68,40,28
19,State - WEST BENGAL (19),Urban,Mental-Retardation,Total,43997,24795,19202,7688,6415,1273,34463,17226,17237
19,State - WEST BENGAL (19),Urban,Mental-Retardation,0-14,7657,4218,3439,105,68,37,7444,4086,3358
19,State - WEST BENGAL (19),Urban,Mental-Retardation,15-59,32148,18326,13822,6971,5836,1135,23579,11481,12098
19,State - WEST BENGAL (19),Urban,Mental-Retardation,60+,4052,2182,1870,598,499,99,3321,1605,1716
19,State - WEST BENGAL (19),Urban,Mental-Retardation,Age not stated,140,69,71,14,12,2,119,54,65
19,State - WEST BENGAL (19),Urban,Mental-Illness,Total,21634,12670,8964,2322,1891,431,18298,10028,8270
19,State - WEST BENGAL (19),Urban,Mental-Illness,0-14,2068,1241,827,18,13,5,2022,1208,814
19,State - WEST BENGAL (19),Urban,Mental-Illness,15-59,16376,9874,6502,2049,1673,376,13428,7525,5903
19,State - WEST BENGAL (19),Urban,Mental-Illness,60+,3156,1536,1620,252,203,49,2817,1278,1539
19,State - WEST BENGAL (19),Urban,Mental-Illness,Age not stated,34,19,15,3,2,1,31,17,14
19,State - WEST BENGAL (19),Urban,Any-Other,Total,140194,77802,62392,43586,35963,7623,86791,36155,50636
19,State - WEST BENGAL (19),Urban,Any-Other,0-14,26792,14068,12724,463,298,165,25764,13460,12304
19,State - WEST BENGAL (19),Urban,Any-Other,15-59,95717,54009,41708,39298,32494,6804,48140,16721,31419
19,State - WEST BENGAL (19),Urban,Any-Other,60+,17285,9489,7796,3709,3075,634,12634,5849,6785
19,State - WEST BENGAL (19),Urban,Any-Other,Age not stated,400,236,164,116,96,20,253,125,128
19,State - WEST BENGAL (19),Urban,Multiple-Disability,Total,43835,23939,19896,5365,4350,1015,36820,18528,18292
19,State - WEST BENGAL (19),Urban,Multiple-Disability,0-14,8661,5012,3649,64,42,22,8525,4931,3594
19,State - WEST BENGAL (19),Urban,Multiple-Disability,15-59,24505,13968,10537,4471,3652,819,18747,9485,9262
19,State - WEST BENGAL (19),Urban,Multiple-Disability,60+,10613,4925,5688,819,648,171,9507,4088,5419
19,State - WEST BENGAL (19),Urban,Multiple-Disability,Age not stated,56,34,22,11,8,3,41,24,17
20,State - JHARKHAND (20),Total,Total,Total,769980,426876,343104,144731,114875,29856,479847,225805,254042
20,State - JHARKHAND (20),Total,Total,0-14,190713,102781,87932,2028,1211,817,183334,98684,84650
20,State - JHARKHAND (20),Total,Total,15-59,428204,246356,181848,120352,95670,24682,194024,83615,110409
20,State - JHARKHAND (20),Total,Total,60+,147684,75865,71819,21645,17443,4202,100281,42460,57821
20,State - JHARKHAND (20),Total,Total,Age not stated,3379,1874,1505,706,551,155,2208,1046,1162
20,State - JHARKHAND (20),Total,In-Seeing,Total,180721,96042,84679,36422,28800,7622,108920,46864,62056
20,State - JHARKHAND (20),Total,In-Seeing,0-14,50181,26101,24080,523,316,207,48416,25117,23299
20,State - JHARKHAND (20),Total,In-Seeing,15-59,94460,52191,42269,30251,23886,6365,36781,12670,24111
20,State - JHARKHAND (20),Total,In-Seeing,60+,35401,17388,18013,5504,4489,1015,23295,8891,14404
20,State - JHARKHAND (20),Total,In-Seeing,Age not stated,679,362,317,144,109,35,428,186,242
20,State - JHARKHAND (20),Total,In-Hearing,Total,165861,88142,77719,36593,28428,8165,94399,40479,53920
20,State - JHARKHAND (20),Total,In-Hearing,0-14,44440,23057,21383,582,351,231,42395,21927,20468
20,State - JHARKHAND (20),Total,In-Hearing,15-59,90278,49240,41038,30230,23503,6727,32849,10999,21850
20,State - JHARKHAND (20),Total,In-Hearing,60+,30341,15413,14928,5592,4440,1152,18666,7323,11343
20,State - JHARKHAND (20),Total,In-Hearing,Age not stated,802,432,370,189,134,55,489,230,259
20,State - JHARKHAND (20),Total,In-Speech,Total,46684,26169,20515,8994,7233,1761,29234,13873,15361
20,State - JHARKHAND (20),Total,In-Speech,0-14,14683,8108,6575,153,91,62,14093,7781,6312
20,State - JHARKHAND (20),Total,In-Speech,15-59,28173,15932,12241,8036,6468,1568,12839,5085,7754
20,State - JHARKHAND (20),Total,In-Speech,60+,3595,2010,1585,750,631,119,2159,952,1207
20,State - JHARKHAND (20),Total,In-Speech,Age not stated,233,119,114,55,43,12,143,55,88
20,State - JHARKHAND (20),Total,In-Movement,Total,147892,89103,58789,26453,22157,4296,94714,49084,45630
20,State - JHARKHAND (20),Total,In-Movement,0-14,20684,12147,8537,151,98,53,19977,11751,8226
20,State - JHARKHAND (20),Total,In-Movement,15-59,84598,53842,30756,21210,17855,3355,43574,22637,20937
20,State - JHARKHAND (20),Total,In-Movement,60+,42253,22914,19339,5020,4144,876,30919,14583,16336
20,State - JHARKHAND (20),Total,In-Movement,Age not stated,357,200,157,72,60,12,244,113,131
20,State - JHARKHAND (20),Total,Mental-Retardation,Total,37458,21601,15857,4639,3546,1093,26505,14145,12360
20,State - JHARKHAND (20),Total,Mental-Retardation,0-14,10651,5996,4655,83,45,38,10188,5728,4460
20,State - JHARKHAND (20),Total,Mental-Retardation,15-59,24329,14269,10060,4138,3166,972,14770,7716,7054
20,State - JHARKHAND (20),Total,Mental-Retardation,60+,2364,1264,1100,390,310,80,1476,663,813
20,State - JHARKHAND (20),Total,Mental-Retardation,Age not stated,114,72,42,28,25,3,71,38,33
20,State - JHARKHAND (20),Total,Mental-Illness,Total,20157,11718,8439,2245,1684,561,14643,8062,6581
20,State - JHARKHAND (20),Total,Mental-Illness,0-14,2924,1664,1260,23,14,9,2799,1592,1207
20,State - JHARKHAND (20),Total,Mental-Illness,15-59,15242,8991,6251,1969,1492,477,10468,5792,4676
20,State - JHARKHAND (20),Total,Mental-Illness,60+,1941,1031,910,249,175,74,1334,651,683
20,State - JHARKHAND (20),Total,Mental-Illness,Age not stated,50,32,18,4,3,1,42,27,15
20,State - JHARKHAND (20),Total,Any-Other,Total,112372,62136,50236,24419,19166,5253,64475,29397,35078
20,State - JHARKHAND (20),Total,Any-Other,0-14,32096,17027,15069,406,239,167,30781,16300,14481
20,State - JHARKHAND (20),Total,Any-Other,15-59,65734,37109,28625,21005,16527,4478,25332,9470,15862
20,State - JHARKHAND (20),Total,Any-Other,60+,13555,7431,6124,2803,2232,571,7707,3302,4405
20,State - JHARKHAND (20),Total,Any-Other,Age not stated,987,569,418,205,168,37,655,325,330
20,State - JHARKHAND (20),Total,Multiple-Disability,Total,58835,31965,26870,4966,3861,1105,46957,23901,23056
20,State - JHARKHAND (20),Total,Multiple-Disability,0-14,15054,8681,6373,107,57,50,14685,8488,6197
20,State - JHARKHAND (20),Total,Multiple-Disability,15-59,25390,14782,10608,3513,2773,740,17411,9246,8165
20,State - JHARKHAND (20),Total,Multiple-Disability,60+,18234,8414,9820,1337,1022,315,14725,6095,8630
20,State - JHARKHAND (20),Rural,Total,Total,597544,328696,268848,106071,81343,24728,356703,168738,187965
20,State - JHARKHAND (20),Rural,Total,0-14,151486,81461,70025,1627,967,660,144896,77836,67060
20,State - JHARKHAND (20),Rural,Total,15-59,320603,183539,137064,86213,65966,20247,129455,56880,72575
20,State - JHARKHAND (20),Rural,Total,60+,123754,62754,61000,17898,14164,3734,81335,33518,47817
20,State - JHARKHAND (20),Rural,Total,Age not stated,1701,942,759,333,246,87,1017,504,513
20,State - JHARKHAND (20),Rural,In-Seeing,Total,142001,74799,67202,26910,20557,6353,82105,35556,46549
20,State - JHARKHAND (20),Rural,In-Seeing,0-14,40187,20804,19383,417,255,162,38632,19939,18693
20,State - JHARKHAND (20),Rural,In-Seeing,15-59,71430,39271,32159,21833,16574,5259,24131,8459,15672
20,State - JHARKHAND (20),Rural,In-Seeing,60+,29991,14512,15479,4581,3671,910,19117,7056,12061
20,State - JHARKHAND (20),Rural,In-Seeing,Age not stated,393,212,181,79,57,22,225,102,123
20,State - JHARKHAND (20),Rural,In-Hearing,Total,126741,66751,59990,26432,19675,6757,68099,29637,38462
20,State - JHARKHAND (20),Rural,In-Hearing,0-14,34798,18024,16774,433,257,176,33025,17058,15967
20,State - JHARKHAND (20),Rural,In-Hearing,15-59,66233,35794,30439,21268,15747,5521,19993,6819,13174
20,State - JHARKHAND (20),Rural,In-Hearing,60+,25313,12726,12587,4639,3609,1030,14866,5660,9206
20,State - JHARKHAND (20),Rural,In-Hearing,Age not stated,397,207,190,92,62,30,215,100,115
20,State - JHARKHAND (20),Rural,In-Speech,Total,34544,19305,15239,6008,4636,1372,20781,10095,10686
20,State - JHARKHAND (20),Rural,In-Speech,0-14,11570,6353,5217,123,67,56,11041,6070,4971
20,State - JHARKHAND (20),Rural,In-Speech,15-59,20182,11421,8761,5325,4108,1217,8181,3373,4808
20,State - JHARKHAND (20),Rural,In-Speech,60+,2683,1468,1215,532,439,93,1504,625,879
20,State - JHARKHAND (20),Rural,In-Speech,Age not stated,109,63,46,28,22,6,55,27,28
20,State - JHARKHAND (20),Rural,In-Movement,Total,118928,71213,47715,19914,16354,3560,74052,38392,35660
20,State - JHARKHAND (20),Rural,In-Movement,0-14,17163,10072,7091,132,84,48,16495,9707,6788
20,State - JHARKHAND (20),Rural,In-Movement,15-59,65941,41880,24061,15534,12817,2717,32047,16865,15182
20,State - JHARKHAND (20),Rural,In-Movement,60+,35628,19155,16473,4218,3428,790,25376,11758,13618
20,State - JHARKHAND (20),Rural,In-Movement,Age not stated,196,106,90,30,25,5,134,62,72
20,State - JHARKHAND (20),Rural,Mental-Retardation,Total,28693,16360,12333,3597,2653,944,19208,10116,9092
20,State - JHARKHAND (20),Rural,Mental-Retardation,0-14,8546,4791,3755,68,38,30,8113,4540,3573
20,State - JHARKHAND (20),Rural,Mental-Retardation,15-59,18160,10511,7649,3185,2343,842,9924,5061,4863
20,State - JHARKHAND (20),Rural,Mental-Retardation,60+,1929,1018,911,330,259,71,1136,494,642
20,State - JHARKHAND (20),Rural,Mental-Retardation,Age not stated,58,40,18,14,13,1,35,21,14
20,State - JHARKHAND (20),Rural,Mental-Illness,Total,15161,8554,6607,1882,1366,516,10203,5358,4845
20,State - JHARKHAND (20),Rural,Mental-Illness,0-14,2342,1332,1010,21,13,8,2223,1265,958
20,State - JHARKHAND (20),Rural,Mental-Illness,15-59,11231,6406,4825,1637,1199,438,6963,3627,3336
20,State - JHARKHAND (20),Rural,Mental-Illness,60+,1569,804,765,221,152,69,1003,457,546
20,State - JHARKHAND (20),Rural,Mental-Illness,Age not stated,19,12,7,3,2,1,14,9,5
20,State - JHARKHAND (20),Rural,Any-Other,Total,83788,46183,37605,17404,13128,4276,44998,20916,24082
20,State - JHARKHAND (20),Rural,Any-Other,0-14,24756,13106,11650,343,206,137,23582,12453,11129
20,State - JHARKHAND (20),Rural,Any-Other,15-59,47751,26916,20835,14743,11110,3633,15388,5920,9468
20,State - JHARKHAND (20),Rural,Any-Other,60+,10827,5904,4923,2233,1749,484,5753,2397,3356
20,State - JHARKHAND (20),Rural,Any-Other,Age not stated,454,257,197,85,63,22,275,146,129
20,State - JHARKHAND (20),Rural,Multiple-Disability,Total,47688,25531,22157,3924,2974,950,37257,18668,18589
20,State - JHARKHAND (20),Rural,Multiple-Disability,0-14,12124,6979,5145,90,47,43,11785,6804,4981
20,State - JHARKHAND (20),Rural,Multiple-Disability,15-59,19675,11340,8335,2688,2068,620,12828,6756,6072
20,State - JHARKHAND (20),Rural,Multiple-Disability,60+,15814,7167,8647,1144,857,287,12580,5071,7509
20,State - JHARKHAND (20),Urban,Total,Total,172436,98180,74256,38660,33532,5128,123144,57067,66077
20,State - JHARKHAND (20),Urban,Total,0-14,39227,21320,17907,401,244,157,38438,20848,17590
20,State - JHARKHAND (20),Urban,Total,15-59,107601,62817,44784,34139,29704,4435,64569,26735,37834
20,State - JHARKHAND (20),Urban,Total,60+,23930,13111,10819,3747,3279,468,18946,8942,10004
20,State - JHARKHAND (20),Urban,Total,Age not stated,1678,932,746,373,305,68,1191,542,649
20,State - JHARKHAND (20),Urban,In-Seeing,Total,38720,21243,17477,9512,8243,1269,26815,11308,15507
20,State - JHARKHAND (20),Urban,In-Seeing,0-14,9994,5297,4697,106,61,45,9784,5178,4606
20,State - JHARKHAND (20),Urban,In-Seeing,15-59,23030,12920,10110,8418,7312,1106,12650,4211,8439
20,State - JHARKHAND (20),Urban,In-Seeing,60+,5410,2876,2534,923,818,105,4178,1835,2343
20,State - JHARKHAND (20),Urban,In-Seeing,Age not stated,286,150,136,65,52,13,203,84,119
20,State - JHARKHAND (20),Urban,In-Hearing,Total,39120,21391,17729,10161,8753,1408,26300,10842,15458
20,State - JHARKHAND (20),Urban,In-Hearing,0-14,9642,5033,4609,149,94,55,9370,4869,4501
20,State - JHARKHAND (20),Urban,In-Hearing,15-59,24045,13446,10599,8962,7756,1206,12856,4180,8676
20,State - JHARKHAND (20),Urban,In-Hearing,60+,5028,2687,2341,953,831,122,3800,1663,2137
20,State - JHARKHAND (20),Urban,In-Hearing,Age not stated,405,225,180,97,72,25,274,130,144
20,State - JHARKHAND (20),Urban,In-Speech,Total,12140,6864,5276,2986,2597,389,8453,3778,4675
20,State - JHARKHAND (20),Urban,In-Speech,0-14,3113,1755,1358,30,24,6,3052,1711,1341
20,State - JHARKHAND (20),Urban,In-Speech,15-59,7991,4511,3480,2711,2360,351,4658,1712,2946
20,State - JHARKHAND (20),Urban,In-Speech,60+,912,542,370,218,192,26,655,327,328
20,State - JHARKHAND (20),Urban,In-Speech,Age not stated,124,56,68,27,21,6,88,28,60
20,State - JHARKHAND (20),Urban,In-Movement,Total,28964,17890,11074,6539,5803,736,20662,10692,9970
20,State - JHARKHAND (20),Urban,In-Movement,0-14,3521,2075,1446,19,14,5,3482,2044,1438
20,State - JHARKHAND (20),Urban,In-Movement,15-59,18657,11962,6695,5676,5038,638,11527,5772,5755
20,State - JHARKHAND (20),Urban,In-Movement,60+,6625,3759,2866,802,716,86,5543,2825,2718
20,State - JHARKHAND (20),Urban,In-Movement,Age not stated,161,94,67,42,35,7,110,51,59
20,State - JHARKHAND (20),Urban,Mental-Retardation,Total,8765,5241,3524,1042,893,149,7297,4029,3268
20,State - JHARKHAND (20),Urban,Mental-Retardation,0-14,2105,1205,900,15,7,8,2075,1188,887
20,State - JHARKHAND (20),Urban,Mental-Retardation,15-59,6169,3758,2411,953,823,130,4846,2655,2191
20,State - JHARKHAND (20),Urban,Mental-Retardation,60+,435,246,189,60,51,9,340,169,171
20,State - JHARKHAND (20),Urban,Mental-Retardation,Age not stated,56,32,24,14,12,2,36,17,19
20,State - JHARKHAND (20),Urban,Mental-Illness,Total,4996,3164,1832,363,318,45,4440,2704,1736
20,State - JHARKHAND (20),Urban,Mental-Illness,0-14,582,332,250,2,1,1,576,327,249
20,State - JHARKHAND (20),Urban,Mental-Illness,15-59,4011,2585,1426,332,293,39,3505,2165,1340
20,State - JHARKHAND (20),Urban,Mental-Illness,60+,372,227,145,28,23,5,331,194,137
20,State - JHARKHAND (20),Urban,Any-Other,Total,28584,15953,12631,7015,6038,977,19477,8481,10996
20,State - JHARKHAND (20),Urban,Any-Other,0-14,7340,3921,3419,63,33,30,7199,3847,3352
20,State - JHARKHAND (20),Urban,Any-Other,15-59,17983,10193,7790,6262,5417,845,9944,3550,6394
20,State - JHARKHAND (20),Urban,Any-Other,60+,2728,1527,1201,570,483,87,1954,905,1049
20,State - JHARKHAND (20),Urban,Any-Other,Age not stated,533,312,221,120,105,15,380,179,201
20,State - JHARKHAND (20),Urban,Multiple-Disability,Total,11147,6434,4713,1042,887,155,9700,5233,4467
20,State - JHARKHAND (20),Urban,Multiple-Disability,0-14,2930,1702,1228,17,10,7,2900,1684,1216
20,State - JHARKHAND (20),Urban,Multiple-Disability,15-59,5715,3442,2273,825,705,120,4583,2490,2093
20,State - JHARKHAND (20),Urban,Multiple-Disability,60+,2420,1247,1173,193,165,28,2145,1024,1121
21,State - ODISHA (21),Total,Total,Total,1244402,674775,569627,249524,208122,41402,817382,370028,447354
21,State - ODISHA (21),Total,Total,0-14,232520,127992,104528,2429,1448,981,224511,123718,100793
21,State - ODISHA (21),Total,Total,15-59,679010,378701,300309,202205,167991,34214,339250,137793,201457
21,State - ODISHA (21),Total,Total,60+,328352,165648,162704,43930,37905,6025,250694,107209,143485
21,State - ODISHA (21),Total,Total,Age not stated,4520,2434,2086,960,778,182,2927,1308,1619
21,State - ODISHA (21),Total,In-Seeing,Total,263799,136851,126948,59303,49629,9674,163235,65917,97318
21,State - ODISHA (21),Total,In-Seeing,0-14,47496,25265,22231,546,310,236,45721,24332,21389
21,State - ODISHA (21),Total,In-Seeing,15-59,129934,69857,60077,45651,37970,7681,54505,17258,37247
21,State - ODISHA (21),Total,In-Seeing,60+,85392,41200,44192,12868,11159,1709,62432,24082,38350
21,State - ODISHA (21),Total,In-Seeing,Age not stated,977,529,448,238,190,48,577,245,332
21,State - ODISHA (21),Total,In-Hearing,Total,237858,123245,114613,57964,47473,10491,137617,54849,82768
21,State - ODISHA (21),Total,In-Hearing,0-14,45778,23580,22198,652,383,269,43571,22421,21150
21,State - ODISHA (21),Total,In-Hearing,15-59,127964,66811,61153,46198,37575,8623,49419,14155,35264
21,State - ODISHA (21),Total,In-Hearing,60+,62984,32282,30702,10867,9317,1550,43898,17986,25912
21,State - ODISHA (21),Total,In-Hearing,Age not stated,1132,572,560,247,198,49,729,287,442
21,State - ODISHA (21),Total,In-Speech,Total,68517,38506,30011,17027,14491,2536,41007,18299,22708
21,State - ODISHA (21),Total,In-Speech,0-14,18025,10363,7662,185,127,58,17435,10033,7402
21,State - ODISHA (21),Total,In-Speech,15-59,43486,24197,19289,15077,12810,2267,19269,6424,12845
21,State - ODISHA (21),Total,In-Speech,60+,6803,3835,2968,1712,1510,202,4184,1791,2393
21,State - ODISHA (21),Total,In-Speech,Age not stated,203,111,92,53,44,9,119,51,68
21,State - ODISHA (21),Total,In-Movement,Total,259899,152999,106900,48703,41951,6752,179776,90645,89131
21,State - ODISHA (21),Total,In-Movement,0-14,28026,16633,11393,178,124,54,27406,16267,11139
21,State - ODISHA (21),Total,In-Movement,15-59,142743,88790,53953,39807,34143,5664,78837,39115,39722
21,State - ODISHA (21),Total,In-Movement,60+,88547,47250,41297,8611,7591,1020,73116,35066,38050
21,State - ODISHA (21),Total,In-Movement,Age not stated,583,326,257,107,93,14,417,197,220
21,State - ODISHA (21),Total,Mental-Retardation,Total,72399,40320,32079,8593,7138,1455,55693,28598,27095
21,State - ODISHA (21),Total,Mental-Retardation,0-14,20441,11818,8623,143,85,58,19861,11512,8349
21,State - ODISHA (21),Total,Mental-Retardation,15-59,46797,25829,20968,7590,6307,1283,32098,15483,16615
21,State - ODISHA (21),Total,Mental-Retardation,60+,4959,2555,2404,838,728,110,3579,1517,2062
21,State - ODISHA (21),Total,Mental-Retardation,Age not stated,202,118,84,22,18,4,155,86,69
21,State - ODISHA (21),Total,Mental-Illness,Total,42837,22913,19924,4320,3471,849,33640,16627,17013
21,State - ODISHA (21),Total,Mental-Illness,0-14,3456,1957,1499,28,21,7,3356,1906,1450
21,State - ODISHA (21),Total,Mental-Illness,15-59,33829,18369,15460,3834,3086,748,25639,12743,12896
21,State - ODISHA (21),Total,Mental-Illness,60+,5443,2529,2914,446,355,91,4560,1934,2626
21,State - ODISHA (21),Total,Mental-Illness,Age not stated,109,58,51,12,9,3,85,44,41
21,State - ODISHA (21),Total,Any-Other,Total,172881,93980,78901,42596,34874,7722,102240,44554,57686
21,State - ODISHA (21),Total,Any-Other,0-14,43372,23143,20229,597,333,264,41680,22271,19409
21,State - ODISHA (21),Total,Any-Other,15-59,102959,56770,46189,36483,29861,6622,43129,14926,28203
21,State - ODISHA (21),Total,Any-Other,60+,25554,13508,12046,5276,4485,791,16835,7073,9762
21,State - ODISHA (21),Total,Any-Other,Age not stated,996,559,437,240,195,45,596,284,312
21,State - ODISHA (21),Total,Multiple-Disability,Total,126212,65961,60251,11018,9095,1923,104174,50539,53635
21,State - ODISHA (21),Total,Multiple-Disability,0-14,25926,15233,10693,100,65,35,25481,14976,10505
21,State - ODISHA (21),Total,Multiple-Disability,15-59,51298,28078,23220,7565,6239,1326,36354,17689,18665
21,State - ODISHA (21),Total,Multiple-Disability,60+,48670,22489,26181,3312,2760,552,42090,17760,24330
21,State - ODISHA (21),Total,Multiple-Disability,Age not stated,318,161,157,41,31,10,249,114,135
21,State - ODISHA (21),Rural,Total,Total,1067739,576672,491067,206196,172072,34124,694787,314655,380132
21,State - ODISHA (21),Rural,Total,0-14,200120,110084,90036,1970,1152,818,193164,106430,86734
21,State - ODISHA (21),Rural,Total,15-59,568478,315849,252629,163990,136107,27883,275539,112184,163355
21,State - ODISHA (21),Rural,Total,60+,295509,148814,146695,39473,34197,5276,223782,95041,128741
21,State - ODISHA (21),Rural,Total,Age not stated,3632,1925,1707,763,616,147,2302,1000,1302
21,State - ODISHA (21),Rural,In-Seeing,Total,227522,117590,109932,49429,41369,8060,139256,56367,82889
21,State - ODISHA (21),Rural,In-Seeing,0-14,40749,21576,19173,445,250,195,39240,20799,18441
21,State - ODISHA (21),Rural,In-Seeing,15-59,108529,58190,50339,37191,30865,6326,43403,13796,29607
21,State - ODISHA (21),Rural,In-Seeing,60+,77468,37405,40063,11599,10101,1498,56175,21590,34585
21,State - ODISHA (21),Rural,In-Seeing,Age not stated,776,419,357,194,153,41,438,182,256
21,State - ODISHA (21),Rural,In-Hearing,Total,200619,103763,96856,47997,39256,8741,113205,45187,68018
21,State - ODISHA (21),Rural,In-Hearing,0-14,38689,19893,18796,515,296,219,36811,18914,17897
21,State - ODISHA (21),Rural,In-Hearing,15-59,104531,54325,50206,37437,30325,7112,37011,10183,26828
21,State - ODISHA (21),Rural,In-Hearing,60+,56539,29105,27434,9858,8481,1377,38840,15877,22963
21,State - ODISHA (21),Rural,In-Hearing,Age not stated,860,440,420,187,154,33,543,213,330
21,State - ODISHA (21),Rural,In-Speech,Total,56130,31472,24658,13127,11139,1988,33237,15078,18159
21,State - ODISHA (21),Rural,In-Speech,0-14,15633,9017,6616,159,106,53,15097,8722,6375
21,State - ODISHA (21),Rural,In-Speech,15-59,34712,19230,15482,11477,9715,1762,14720,4952,9768
21,State - ODISHA (21),Rural,In-Speech,60+,5634,3149,2485,1452,1286,166,3335,1372,1963
21,State - ODISHA (21),Rural,In-Speech,Age not stated,151,76,75,39,32,7,85,32,53
21,State - ODISHA (21),Rural,In-Movement,Total,228590,133798,94792,40996,35312,5684,157785,79272,78513
21,State - ODISHA (21),Rural,In-Movement,0-14,25114,14946,10168,152,105,47,24541,14612,9929
21,State - ODISHA (21),Rural,In-Movement,15-59,123196,76260,46936,32949,28229,4720,67451,33468,33983
21,State - ODISHA (21),Rural,In-Movement,60+,79780,42326,37454,7804,6900,904,65439,31037,34402
21,State - ODISHA (21),Rural,In-Movement,Age not stated,500,266,234,91,78,13,354,155,199
21,State - ODISHA (21),Rural,Mental-Retardation,Total,61727,34110,27617,7192,5947,1245,46803,23833,22970
21,State - ODISHA (21),Rural,Mental-Retardation,0-14,17898,10298,7600,114,66,48,17371,10023,7348
21,State - ODISHA (21),Rural,Mental-Retardation,15-59,39360,21514,17846,6321,5225,1096,26255,12467,13788
21,State - ODISHA (21),Rural,Mental-Retardation,60+,4313,2210,2103,742,644,98,3060,1281,1779
21,State - ODISHA (21),Rural,Mental-Retardation,Age not stated,156,88,68,15,12,3,117,62,55
21,State - ODISHA (21),Rural,Mental-Illness,Total,37227,19738,17489,3851,3095,756,28740,14007,14733
21,State - ODISHA (21),Rural,Mental-Illness,0-14,3005,1700,1305,23,17,6,2913,1654,1259
21,State - ODISHA (21),Rural,Mental-Illness,15-59,29333,15768,13565,3411,2743,668,21789,10655,11134
21,State - ODISHA (21),Rural,Mental-Illness,60+,4799,2224,2575,408,328,80,3968,1664,2304
21,State - ODISHA (21),Rural,Mental-Illness,Age not stated,90,46,44,9,7,2,70,34,36
21,State - ODISHA (21),Rural,Any-Other,Total,143718,77960,65758,33933,27964,5969,83797,36670,47127
21,State - ODISHA (21),Rural,Any-Other,0-14,36640,19538,17102,475,257,218,35209,18822,16387
21,State - ODISHA (21),Rural,Any-Other,15-59,84012,46239,37773,28671,23617,5054,33701,11649,22052
21,State - ODISHA (21),Rural,Any-Other,60+,22246,11731,10515,4590,3934,656,14412,5975,8437
21,State - ODISHA (21),Rural,Any-Other,Age not stated,820,452,368,197,156,41,475,224,251
21,State - ODISHA (21),Rural,Multiple-Disability,Total,112206,58241,53965,9671,7990,1681,91964,44241,47723
21,State - ODISHA (21),Rural,Multiple-Disability,0-14,22392,13116,9276,87,55,32,21982,12884,9098
21,State - ODISHA (21),Rural,Multiple-Disability,15-59,44805,24323,20482,6533,5388,1145,31209,15014,16195
21,State - ODISHA (21),Rural,Multiple-Disability,60+,44730,20664,24066,3020,2523,497,38553,16245,22308
21,State - ODISHA (21),Rural,Multiple-Disability,Age not stated,279,138,141,31,24,7,220,98,122
21,State - ODISHA (21),Urban,Total,Total,176663,98103,78560,43328,36050,7278,122595,55373,67222
21,State - ODISHA (21),Urban,Total,0-14,32400,17908,14492,459,296,163,31347,17288,14059
21,State - ODISHA (21),Urban,Total,15-59,110532,62852,47680,38215,31884,6331,63711,25609,38102
21,State - ODISHA (21),Urban,Total,60+,32843,16834,16009,4457,3708,749,26912,12168,14744
21,State - ODISHA (21),Urban,Total,Age not stated,888,509,379,197,162,35,625,308,317
21,State - ODISHA (21),Urban,In-Seeing,Total,36277,19261,17016,9874,8260,1614,23979,9550,14429
21,State - ODISHA (21),Urban,In-Seeing,0-14,6747,3689,3058,101,60,41,6481,3533,2948
21,State - ODISHA (21),Urban,In-Seeing,15-59,21405,11667,9738,8460,7105,1355,11102,3462,7640
21,State - ODISHA (21),Urban,In-Seeing,60+,7924,3795,4129,1269,1058,211,6257,2492,3765
21,State - ODISHA (21),Urban,In-Seeing,Age not stated,201,110,91,44,37,7,139,63,76
21,State - ODISHA (21),Urban,In-Hearing,Total,37239,19482,17757,9967,8217,1750,24412,9662,14750
21,State - ODISHA (21),Urban,In-Hearing,0-14,7089,3687,3402,137,87,50,6760,3507,3253
21,State - ODISHA (21),Urban,In-Hearing,15-59,23433,12486,10947,8761,7250,1511,12408,3972,8436
21,State - ODISHA (21),Urban,In-Hearing,60+,6445,3177,3268,1009,836,173,5058,2109,2949
21,State - ODISHA (21),Urban,In-Hearing,Age not stated,272,132,140,60,44,16,186,74,112
21,State - ODISHA (21),Urban,In-Speech,Total,12387,7034,5353,3900,3352,548,7770,3221,4549
21,State - ODISHA (21),Urban,In-Speech,0-14,2392,1346,1046,26,21,5,2338,1311,1027
21,State - ODISHA (21),Urban,In-Speech,15-59,8774,4967,3807,3600,3095,505,4549,1472,3077
21,State - ODISHA (21),Urban,In-Speech,60+,1169,686,483,260,224,36,849,419,430
21,State - ODISHA (21),Urban,In-Speech,Age not stated,52,35,17,14,12,2,34,19,15
21,State - ODISHA (21),Urban,In-Movement,Total,31309,19201,12108,7707,6639,1068,21991,11373,10618
21,State - ODISHA (21),Urban,In-Movement,0-14,2912,1687,1225,26,19,7,2865,1655,1210
21,State - ODISHA (21),Urban,In-Movement,15-59,19547,12530,7017,6858,5914,944,11386,5647,5739
21,State - ODISHA (21),Urban,In-Movement,60+,8767,4924,3843,807,691,116,7677,4029,3648
21,State - ODISHA (21),Urban,In-Movement,Age not stated,83,60,23,16,15,1,63,42,21
21,State - ODISHA (21),Urban,Mental-Retardation,Total,10672,6210,4462,1401,1191,210,8890,4765,4125
21,State - ODISHA (21),Urban,Mental-Retardation,0-14,2543,1520,1023,29,19,10,2490,1489,1001
21,State - ODISHA (21),Urban,Mental-Retardation,15-59,7437,4315,3122,1269,1082,187,5843,3016,2827
21,State - ODISHA (21),Urban,Mental-Retardation,60+,646,345,301,96,84,12,519,236,283
21,State - ODISHA (21),Urban,Mental-Retardation,Age not stated,46,30,16,7,6,1,38,24,14
21,State - ODISHA (21),Urban,Mental-Illness,Total,5610,3175,2435,469,376,93,4900,2620,2280
21,State - ODISHA (21),Urban,Mental-Illness,0-14,451,257,194,5,4,1,443,252,191
21,State - ODISHA (21),Urban,Mental-Illness,15-59,4496,2601,1895,423,343,80,3850,2088,1762
21,State - ODISHA (21),Urban,Mental-Illness,60+,644,305,339,38,27,11,592,270,322
21,State - ODISHA (21),Urban,Mental-Illness,Age not stated,19,12,7,3,2,1,15,10,5
21,State - ODISHA (21),Urban,Any-Other,Total,29163,16020,13143,8663,6910,1753,18443,7884,10559
21,State - ODISHA (21),Urban,Any-Other,0-14,6732,3605,3127,122,76,46,6471,3449,3022
21,State - ODISHA (21),Urban,Any-Other,15-59,18947,10531,8416,7812,6244,1568,9428,3277,6151
21,State - ODISHA (21),Urban,Any-Other,60+,3308,1777,1531,686,551,135,2423,1098,1325
21,State - ODISHA (21),Urban,Any-Other,Age not stated,176,107,69,43,39,4,121,60,61
21,State - ODISHA (21),Urban,Multiple-Disability,Total,14006,7720,6286,1347,1105,242,12210,6298,5912
21,State - ODISHA (21),Urban,Multiple-Disability,0-14,3534,2117,1417,13,10,3,3499,2092,1407
21,State - ODISHA (21),Urban,Multiple-Disability,15-59,6493,3755,2738,1032,851,181,5145,2675,2470
21,State - ODISHA (21),Urban,Multiple-Disability,60+,3940,1825,2115,292,237,55,3537,1515,2022
21,State - ODISHA (21),Urban,Multiple-Disability,Age not stated,39,23,16,10,7,3,29,16,13
22,State - CHHATTISGARH (22),Total,Total,Total,624937,334093,290844,153454,113963,39491,384091,176471,207620
22,State - CHHATTISGARH (22),Total,Total,0-14,104643,57771,46872,1005,595,410,101288,55961,45327
22,State - CHHATTISGARH (22),Total,Total,15-59,344726,195985,148741,124780,92692,32088,156294,71168,85126
22,State - CHHATTISGARH (22),Total,Total,60+,174926,79991,94935,27535,20582,6953,126069,49128,76941
22,State - CHHATTISGARH (22),Total,Total,Age not stated,642,346,296,134,94,40,440,214,226
22,State - CHHATTISGARH (22),Total,In-Seeing,Total,111169,56066,55103,29311,21549,7762,65634,26835,38799
22,State - CHHATTISGARH (22),Total,In-Seeing,0-14,18484,9771,8713,193,127,66,17943,9463,8480
22,State - CHHATTISGARH (22),Total,In-Seeing,15-59,50877,28060,22817,21420,15787,5633,19350,7440,11910
22,State - CHHATTISGARH (22),Total,In-Seeing,60+,41684,18168,23516,7666,5610,2056,28265,9900,18365
22,State - CHHATTISGARH (22),Total,In-Seeing,Age not stated,124,67,57,32,25,7,76,32,44
22,State - CHHATTISGARH (22),Total,In-Hearing,Total,92315,47940,44375,28815,20829,7986,47679,19725,27954
22,State - CHHATTISGARH (22),Total,In-Hearing,0-14,13442,7210,6232,179,108,71,12790,6865,5925
22,State - CHHATTISGARH (22),Total,In-Hearing,15-59,46476,25614,20862,22031,15792,6239,13847,4942,8905
22,State - CHHATTISGARH (22),Total,In-Hearing,60+,32277,15063,17214,6573,4909,1664,20975,7893,13082
22,State - CHHATTISGARH (22),Total,In-Hearing,Age not stated,120,53,67,32,20,12,67,25,42
22,State - CHHATTISGARH (22),Total,In-Speech,Total,28262,15509,12753,7505,5457,2048,16454,7978,8476
22,State - CHHATTISGARH (22),Total,In-Speech,0-14,8258,4572,3686,109,69,40,7924,4387,3537
22,State - CHHATTISGARH (22),Total,In-Speech,15-59,17389,9560,7829,6799,4942,1857,6866,2824,4042
22,State - CHHATTISGARH (22),Total,In-Speech,60+,2586,1359,1227,590,443,147,1643,753,890
22,State - CHHATTISGARH (22),Total,In-Speech,Age not stated,29,18,11,7,3,4,21,14,7
22,State - CHHATTISGARH (22),Total,In-Movement,Total,190328,108415,81913,48364,37932,10432,116355,56309,60046
22,State - CHHATTISGARH (22),Total,In-Movement,0-14,20292,12004,8288,154,90,64,19708,11686,8022
22,State - CHHATTISGARH (22),Total,In-Movement,15-59,114609,69755,44854,40927,32151,8776,54419,26716,27703
22,State - CHHATTISGARH (22),Total,In-Movement,60+,55299,26590,28709,7260,5675,1585,42131,17861,24270
22,State - CHHATTISGARH (22),Total,In-Movement,Age not stated,128,66,62,23,16,7,97,46,51
22,State - CHHATTISGARH (22),Total,Mental-Retardation,Total,33171,17562,15609,4622,3172,1450,24629,12436,12193
22,State - CHHATTISGARH (22),Total,Mental-Retardation,0-14,8944,4954,3990,73,35,38,8667,4813,3854
22,State - CHHATTISGARH (22),Total,Mental-Retardation,15-59,22507,11794,10713,4273,2938,1335,14742,7111,7631
22,State - CHHATTISGARH (22),Total,Mental-Retardation,60+,1694,801,893,274,198,76,1197,500,697
22,State - CHHATTISGARH (22),Total,Mental-Retardation,Age not stated,26,13,13,2,1,1,23,12,11
22,State - CHHATTISGARH (22),Total,Mental-Illness,Total,20832,10891,9941,2637,1862,775,15625,7780,7845
22,State - CHHATTISGARH (22),Total,Mental-Illness,0-14,2288,1253,1035,18,8,10,2215,1224,991
22,State - CHHATTISGARH (22),Total,Mental-Illness,15-59,16699,8838,7861,2424,1713,711,11957,5990,5967
22,State - CHHATTISGARH (22),Total,Mental-Illness,60+,1830,790,1040,195,141,54,1439,557,882
22,State - CHHATTISGARH (22),Total,Any-Other,Total,76903,41849,35054,24470,17558,6912,39619,18198,21421
22,State - CHHATTISGARH (22),Total,Any-Other,0-14,18064,9694,8370,203,117,86,17435,9357,8078
22,State - CHHATTISGARH (22),Total,Any-Other,15-59,47802,26794,21008,21614,15514,6100,15663,6264,9399
22,State - CHHATTISGARH (22),Total,Any-Other,60+,10902,5279,5623,2619,1900,719,6436,2533,3903
22,State - CHHATTISGARH (22),Total,Any-Other,Age not stated,135,82,53,34,27,7,85,44,41
22,State - CHHATTISGARH (22),Total,Multiple-Disability,Total,71957,35861,36096,7730,5604,2126,58096,27210,30886
22,State - CHHATTISGARH (22),Total,Multiple-Disability,0-14,14871,8313,6558,76,41,35,14606,8166,6440
22,State - CHHATTISGARH (22),Total,Multiple-Disability,15-59,28367,15570,12797,5292,3855,1437,19450,9881,9569
22,State - CHHATTISGARH (22),Total,Multiple-Disability,60+,28654,11941,16713,2358,1706,652,23983,9131,14852
22,State - CHHATTISGARH (22),Total,Multiple-Disability,Age not stated,65,37,28,4,2,2,57,32,25
22,State - CHHATTISGARH (22),Rural,Total,Total,498228,263598,234630,119560,86531,33029,297170,137032,160138
22,State - CHHATTISGARH (22),Rural,Total,0-14,82936,45891,37045,778,445,333,79948,44310,35638
22,State - CHHATTISGARH (22),Rural,Total,15-59,265431,149769,115662,94645,68205,26440,111865,52431,59434
22,State - CHHATTISGARH (22),Rural,Total,60+,149445,67719,81726,24059,17832,6227,105074,40150,64924
22,State - CHHATTISGARH (22),Rural,Total,Age not stated,416,219,197,78,49,29,283,141,142
22,State - CHHATTISGARH (22),Rural,In-Seeing,Total,88065,43912,44153,22541,16076,6465,50391,20780,29611
22,State - CHHATTISGARH (22),Rural,In-Seeing,0-14,13783,7312,6471,125,81,44,13334,7062,6272
22,State - CHHATTISGARH (22),Rural,In-Seeing,15-59,37700,20698,17002,15540,10992,4548,12842,5348,7494
22,State - CHHATTISGARH (22),Rural,In-Seeing,60+,36508,15861,20647,6861,4992,1869,24169,8349,15820
22,State - CHHATTISGARH (22),Rural,In-Seeing,Age not stated,74,41,33,15,11,4,46,21,25
22,State - CHHATTISGARH (22),Rural,In-Hearing,Total,73436,37867,35569,22856,16080,6776,35792,14993,20799
22,State - CHHATTISGARH (22),Rural,In-Hearing,0-14,10176,5483,4693,138,81,57,9602,5184,4418
22,State - CHHATTISGARH (22),Rural,In-Hearing,15-59,35340,19439,15901,16892,11657,5235,8643,3364,5279
22,State - CHHATTISGARH (22),Rural,In-Hearing,60+,27844,12913,14931,5807,4332,1475,17507,6429,11078
22,State - CHHATTISGARH (22),Rural,In-Hearing,Age not stated,76,32,44,19,10,9,40,16,24
22,State - CHHATTISGARH (22),Rural,In-Speech,Total,21308,11628,9680,5485,3826,1659,11795,5895,5900
22,State - CHHATTISGARH (22),Rural,In-Speech,0-14,6565,3626,2939,88,53,35,6263,3464,2799
22,State - CHHATTISGARH (22),Rural,In-Speech,15-59,12788,6985,5803,4944,3437,1507,4361,1902,2459
22,State - CHHATTISGARH (22),Rural,In-Speech,60+,1936,1004,932,446,333,113,1160,520,640
22,State - CHHATTISGARH (22),Rural,In-Speech,Age not stated,19,13,6,7,3,4,11,9,2
22,State - CHHATTISGARH (22),Rural,In-Movement,Total,155537,87583,67954,37862,29222,8640,93710,45294,48416
22,State - CHHATTISGARH (22),Rural,In-Movement,0-14,17222,10192,7030,129,73,56,16682,9902,6780
22,State - CHHATTISGARH (22),Rural,In-Movement,15-59,91431,55128,36303,31459,24314,7145,42100,20884,21216
22,State - CHHATTISGARH (22),Rural,In-Movement,60+,46793,22217,24576,6262,4827,1435,34857,14474,20383
22,State - CHHATTISGARH (22),Rural,In-Movement,Age not stated,91,46,45,12,8,4,71,34,37
22,State - CHHATTISGARH (22),Rural,Mental-Retardation,Total,25455,13279,12176,3685,2442,1243,18110,9052,9058
22,State - CHHATTISGARH (22),Rural,Mental-Retardation,0-14,7230,3988,3242,60,28,32,6974,3858,3116
22,State - CHHATTISGARH (22),Rural,Mental-Retardation,15-59,16909,8673,8236,3404,2259,1145,10255,4829,5426
22,State - CHHATTISGARH (22),Rural,Mental-Retardation,60+,1301,610,691,219,154,65,869,358,511
22,State - CHHATTISGARH (22),Rural,Mental-Retardation,Age not stated,15,8,7,2,1,1,12,7,5
22,State - CHHATTISGARH (22),Rural,Mental-Illness,Total,16297,8320,7977,2231,1529,702,11651,5658,5993
22,State - CHHATTISGARH (22),Rural,Mental-Illness,0-14,1876,1008,868,14,7,7,1807,980,827
22,State - CHHATTISGARH (22),Rural,Mental-Illness,15-59,13000,6701,6299,2050,1404,646,8779,4273,4506
22,State - CHHATTISGARH (22),Rural,Mental-Illness,60+,1410,604,806,167,118,49,1055,399,656
22,State - CHHATTISGARH (22),Rural,Any-Other,Total,58278,31556,26722,18333,12689,5644,28214,13407,14807
22,State - CHHATTISGARH (22),Rural,Any-Other,0-14,14149,7624,6525,161,90,71,13594,7333,6261
22,State - CHHATTISGARH (22),Rural,Any-Other,15-59,35409,19743,15666,15980,11032,4948,9832,4241,5591
22,State - CHHATTISGARH (22),Rural,Any-Other,60+,8636,4139,4497,2171,1552,619,4737,1805,2932
22,State - CHHATTISGARH (22),Rural,Any-Other,Age not stated,84,50,34,21,15,6,51,28,23
22,State - CHHATTISGARH (22),Rural,Multiple-Disability,Total,59852,29453,30399,6567,4667,1900,47507,21953,25554
22,State - CHHATTISGARH (22),Rural,Multiple-Disability,0-14,11935,6658,5277,63,32,31,11692,6527,5165
22,State - CHHATTISGARH (22),Rural,Multiple-Disability,15-59,22854,12402,10452,4376,3110,1266,15053,7590,7463
22,State - CHHATTISGARH (22),Rural,Multiple-Disability,60+,25017,10371,14646,2126,1524,602,20720,7816,12904
22,State - CHHATTISGARH (22),Rural,Multiple-Disability,Age not stated,46,22,24,2,1,1,42,20,22
22,State - CHHATTISGARH (22),Urban,Total,Total,126709,70495,56214,33894,27432,6462,86921,39439,47482
22,State - CHHATTISGARH (22),Urban,Total,0-14,21707,11880,9827,227,150,77,21340,11651,9689
22,State - CHHATTISGARH (22),Urban,Total,15-59,79295,46216,33079,30135,24487,5648,44429,18737,25692
22,State - CHHATTISGARH (22),Urban,Total,60+,25481,12272,13209,3476,2750,726,20995,8978,12017
22,State - CHHATTISGARH (22),Urban,Total,Age not stated,226,127,99,56,45,11,157,73,84
22,State - CHHATTISGARH (22),Urban,In-Seeing,Total,23104,12154,10950,6770,5473,1297,15243,6055,9188
22,State - CHHATTISGARH (22),Urban,In-Seeing,0-14,4701,2459,2242,68,46,22,4609,2401,2208
22,State - CHHATTISGARH (22),Urban,In-Seeing,15-59,13177,7362,5815,5880,4795,1085,6508,2092,4416
22,State - CHHATTISGARH (22),Urban,In-Seeing,60+,5176,2307,2869,805,618,187,4096,1551,2545
22,State - CHHATTISGARH (22),Urban,In-Seeing,Age not stated,50,26,24,17,14,3,30,11,19
22,State - CHHATTISGARH (22),Urban,In-Hearing,Total,18879,10073,8806,5959,4749,1210,11887,4732,7155
22,State - CHHATTISGARH (22),Urban,In-Hearing,0-14,3266,1727,1539,41,27,14,3188,1681,1507
22,State - CHHATTISGARH (22),Urban,In-Hearing,15-59,11136,6175,4961,5139,4135,1004,5204,1578,3626
22,State - CHHATTISGARH (22),Urban,In-Hearing,60+,4433,2150,2283,766,577,189,3468,1464,2004
22,State - CHHATTISGARH (22),Urban,In-Hearing,Age not stated,44,21,23,13,10,3,27,9,18
22,State - CHHATTISGARH (22),Urban,In-Speech,Total,6954,3881,3073,2020,1631,389,4659,2083,2576
22,State - CHHATTISGARH (22),Urban,In-Speech,0-14,1693,946,747,21,16,5,1661,923,738
22,State - CHHATTISGARH (22),Urban,In-Speech,15-59,4601,2575,2026,1855,1505,350,2505,922,1583
22,State - CHHATTISGARH (22),Urban,In-Speech,60+,650,355,295,144,110,34,483,233,250
22,State - CHHATTISGARH (22),Urban,In-Movement,Total,34791,20832,13959,10502,8710,1792,22645,11015,11630
22,State - CHHATTISGARH (22),Urban,In-Movement,0-14,3070,1812,1258,25,17,8,3026,1784,1242
22,State - CHHATTISGARH (22),Urban,In-Movement,15-59,23178,14627,8551,9468,7837,1631,12319,5832,6487
22,State - CHHATTISGARH (22),Urban,In-Movement,60+,8506,4373,4133,998,848,150,7274,3387,3887
22,State - CHHATTISGARH (22),Urban,In-Movement,Age not stated,37,20,17,11,8,3,26,12,14
22,State - CHHATTISGARH (22),Urban,Mental-Retardation,Total,7716,4283,3433,937,730,207,6519,3384,3135
22,State - CHHATTISGARH (22),Urban,Mental-Retardation,0-14,1714,966,748,13,7,6,1693,955,738
22,State - CHHATTISGARH (22),Urban,Mental-Retardation,15-59,5598,3121,2477,869,679,190,4487,2282,2205
22,State - CHHATTISGARH (22),Urban,Mental-Retardation,60+,393,191,202,55,44,11,328,142,186
22,State - CHHATTISGARH (22),Urban,Mental-Illness,Total,4535,2571,1964,406,333,73,3974,2122,1852
22,State - CHHATTISGARH (22),Urban,Mental-Illness,0-14,412,245,167,4,1,3,408,244,164
22,State - CHHATTISGARH (22),Urban,Mental-Illness,15-59,3699,2137,1562,374,309,65,3178,1717,1461
22,State - CHHATTISGARH (22),Urban,Mental-Illness,60+,420,186,234,28,23,5,384,158,226
22,State - CHHATTISGARH (22),Urban,Any-Other,Total,18625,10293,8332,6137,4869,1268,11405,4791,6614
22,State - CHHATTISGARH (22),Urban,Any-Other,0-14,3915,2070,1845,42,27,15,3841,2024,1817
22,State - CHHATTISGARH (22),Urban,Any-Other,15-59,12393,7051,5342,5634,4482,1152,5831,2023,3808
22,State - CHHATTISGARH (22),Urban,Any-Other,60+,2266,1140,1126,448,348,100,1699,728,971
22,State - CHHATTISGARH (22),Urban,Any-Other,Age not stated,51,32,19,13,12,1,34,16,18
22,State - CHHATTISGARH (22),Urban,Multiple-Disability,Total,12105,6408,5697,1163,937,226,10589,5257,5332
22,State - CHHATTISGARH (22),Urban,Multiple-Disability,0-14,2936,1655,1281,13,9,4,2914,1639,1275
22,State - CHHATTISGARH (22),Urban,Multiple-Disability,15-59,5513,3168,2345,916,745,171,4397,2291,2106
22,State - CHHATTISGARH (22),Urban,Multiple-Disability,60+,3637,1570,2067,232,182,50,3263,1315,1948
22,State - CHHATTISGARH (22),Urban,Multiple-Disability,Age not stated,19,15,4,2,1,1,15,12,3
23,State - MADHYA PRADESH (23),Total,Total,Total,1551931,888751,663180,424210,328852,95358,938010,455608,482402
23,State - MADHYA PRADESH (23),Total,Total,0-14,326945,180341,146604,4998,2991,2007,315419,173848,141571
23,State - MADHYA PRADESH (23),Total,Total,15-59,888603,541204,347399,350974,273036,77938,391528,186593,204935
23,State - MADHYA PRADESH (23),Total,Total,60+,333712,165753,167959,67612,52358,15254,229285,94323,134962
23,State - MADHYA PRADESH (23),Total,Total,Age not stated,2671,1453,1218,626,467,159,1778,844,934
23,State - MADHYA PRADESH (23),Total,In-Seeing,Total,270751,144282,126469,73497,56111,17386,164416,71463,92953
23,State - MADHYA PRADESH (23),Total,In-Seeing,0-14,56289,29930,26359,891,529,362,54264,28818,25446
23,State - MADHYA PRADESH (23),Total,In-Seeing,15-59,132042,76848,55194,56213,43136,13077,53672,22150,31522
23,State - MADHYA PRADESH (23),Total,In-Seeing,60+,82015,37299,44716,16300,12377,3923,56211,20384,35827
23,State - MADHYA PRADESH (23),Total,In-Seeing,Age not stated,405,205,200,93,69,24,269,111,158
23,State - MADHYA PRADESH (23),Total,In-Hearing,Total,267361,145035,122326,84040,63273,20767,148698,64110,84588
23,State - MADHYA PRADESH (23),Total,In-Hearing,0-14,62181,32566,29615,1356,783,573,59355,31011,28344
23,State - MADHYA PRADESH (23),Total,In-Hearing,15-59,146861,83066,63795,67820,50993,16827,53097,18956,34141
23,State - MADHYA PRADESH (23),Total,In-Hearing,60+,57760,29101,28659,14712,11386,3326,35913,13992,21921
23,State - MADHYA PRADESH (23),Total,In-Hearing,Age not stated,559,302,257,152,111,41,333,151,182
23,State - MADHYA PRADESH (23),Total,In-Speech,Total,69324,40317,29007,19292,14988,4304,41997,20916,21081
23,State - MADHYA PRADESH (23),Total,In-Speech,0-14,20682,11860,8822,315,213,102,19985,11419,8566
23,State - MADHYA PRADESH (23),Total,In-Speech,15-59,41965,24784,17181,17077,13295,3782,18002,7709,10293
23,State - MADHYA PRADESH (23),Total,In-Speech,60+,6569,3613,2956,1870,1455,415,3947,1762,2185
23,State - MADHYA PRADESH (23),Total,In-Speech,Age not stated,108,60,48,30,25,5,63,26,37
23,State - MADHYA PRADESH (23),Total,In-Movement,Total,404738,252385,152353,118869,96763,22106,233985,123778,110207
23,State - MADHYA PRADESH (23),Total,In-Movement,0-14,49631,29631,20000,559,376,183,48221,28749,19472
23,State - MADHYA PRADESH (23),Total,In-Movement,15-59,255135,169196,85939,100368,81907,18461,113879,61609,52270
23,State - MADHYA PRADESH (23),Total,In-Movement,60+,99638,53368,46270,17868,14425,3443,71659,33303,38356
23,State - MADHYA PRADESH (23),Total,In-Movement,Age not stated,334,190,144,74,55,19,226,117,109
23,State - MADHYA PRADESH (23),Total,Mental-Retardation,Total,77803,46571,31232,12474,9622,2852,57123,32119,25004
23,State - MADHYA PRADESH (23),Total,Mental-Retardation,0-14,20020,11516,8504,222,133,89,19386,11155,8231
23,State - MADHYA PRADESH (23),Total,Mental-Retardation,15-59,52934,32535,20399,11253,8739,2514,34432,19474,14958
23,State - MADHYA PRADESH (23),Total,Mental-Retardation,60+,4755,2465,2290,986,740,246,3234,1450,1784
23,State - MADHYA PRADESH (23),Total,Mental-Retardation,Age not stated,94,55,39,13,10,3,71,40,31
23,State - MADHYA PRADESH (23),Total,Mental-Illness,Total,39513,23766,15747,5342,4118,1224,30511,17518,12993
23,State - MADHYA PRADESH (23),Total,Mental-Illness,0-14,5952,3428,2524,71,39,32,5789,3343,2446
23,State - MADHYA PRADESH (23),Total,Mental-Illness,15-59,29930,18534,11396,4767,3699,1068,21928,12915,9013
23,State - MADHYA PRADESH (23),Total,Mental-Illness,60+,3588,1776,1812,498,376,122,2761,1239,1522
23,State - MADHYA PRADESH (23),Total,Mental-Illness,Age not stated,43,28,15,6,4,2,33,21,12
23,State - MADHYA PRADESH (23),Total,Any-Other,Total,295035,166124,128911,95304,72187,23117,159249,72791,86458
23,State - MADHYA PRADESH (23),Total,Any-Other,0-14,81200,43021,38179,1311,754,557,78063,41322,36741
23,State - MADHYA PRADESH (23),Total,Any-Other,15-59,177430,103934,73496,82821,62944,19877,61119,23428,37691
23,State - MADHYA PRADESH (23),Total,Any-Other,60+,35419,18635,16784,10932,8311,2621,19393,7722,11671
23,State - MADHYA PRADESH (23),Total,Any-Other,Age not stated,986,534,452,240,178,62,674,319,355
23,State - MADHYA PRADESH (23),Total,Multiple-Disability,Total,127406,70271,57135,15392,11790,3602,102031,52913,49118
23,State - MADHYA PRADESH (23),Total,Multiple-Disability,0-14,30990,18389,12601,273,164,109,30356,18031,12325
23,State - MADHYA PRADESH (23),Total,Multiple-Disability,15-59,52306,32307,19999,10655,8323,2332,35399,20352,15047
23,State - MADHYA PRADESH (23),Total,Multiple-Disability,60+,43968,19496,24472,4446,3288,1158,36167,14471,21696
23,State - MADHYA PRADESH (23),Total,Multiple-Disability,Age not stated,142,79,63,18,15,3,109,59,50
23,State - MADHYA PRADESH (23),Rural,Total,Total,1105704,631523,474181,301392,227397,73995,638817,315952,322865
23,State - MADHYA PRADESH (23),Rural,Total,0-14,234674,129388,105286,3578,2082,1496,225734,124451,101283
23,State - MADHYA PRADESH (23),Rural,Total,15-59,605492,372030,233462,242327,182833,59494,236978,121088,115890
23,State - MADHYA PRADESH (23),Rural,Total,60+,264091,129303,134788,55172,42258,12914,175137,69916,105221
23,State - MADHYA PRADESH (23),Rural,Total,Age not stated,1447,802,645,315,224,91,968,497,471
23,State - MADHYA PRADESH (23),Rural,In-Seeing,Total,192819,101623,91196,50862,37460,13402,113206,49984,63222
23,State - MADHYA PRADESH (23),Rural,In-Seeing,0-14,38416,20402,18014,601,347,254,36908,19585,17323
23,State - MADHYA PRADESH (23),Rural,In-Seeing,15-59,86094,50492,35602,36512,26771,9741,30623,14197,16426
23,State - MADHYA PRADESH (23),Rural,In-Seeing,60+,68104,30629,37475,13704,10310,3394,45536,16143,29393
23,State - MADHYA PRADESH (23),Rural,In-Seeing,Age not stated,205,100,105,45,32,13,139,59,80
23,State - MADHYA PRADESH (23),Rural,In-Hearing,Total,179058,97217,81841,57107,41446,15661,92429,41315,51114
23,State - MADHYA PRADESH (23),Rural,In-Hearing,0-14,42233,22041,20192,973,548,425,40104,20906,19198
23,State - MADHYA PRADESH (23),Rural,In-Hearing,15-59,92395,52918,39477,44313,31848,12465,26214,10519,15695
23,State - MADHYA PRADESH (23),Rural,In-Hearing,60+,44181,22117,22064,11751,9001,2750,25966,9817,16149
23,State - MADHYA PRADESH (23),Rural,In-Hearing,Age not stated,249,141,108,70,49,21,145,73,72
23,State - MADHYA PRADESH (23),Rural,In-Speech,Total,46389,27252,19137,12922,9648,3274,26473,13882,12591
23,State - MADHYA PRADESH (23),Rural,In-Speech,0-14,14869,8619,6250,230,155,75,14302,8261,6041
23,State - MADHYA PRADESH (23),Rural,In-Speech,15-59,27033,16200,10833,11292,8426,2866,9753,4595,5158
23,State - MADHYA PRADESH (23),Rural,In-Speech,60+,4443,2410,2033,1393,1061,332,2390,1014,1376
23,State - MADHYA PRADESH (23),Rural,In-Speech,Age not stated,44,23,21,7,6,1,28,12,16
23,State - MADHYA PRADESH (23),Rural,In-Movement,Total,309148,191581,117567,88657,71070,17587,173983,92702,81281
23,State - MADHYA PRADESH (23),Rural,In-Movement,0-14,39728,23596,16132,448,300,148,38487,22831,15656
23,State - MADHYA PRADESH (23),Rural,In-Movement,15-59,190471,126280,64191,73408,58956,14452,80760,45128,35632
23,State - MADHYA PRADESH (23),Rural,In-Movement,60+,78713,41565,37148,14744,11774,2970,54584,24657,29927
23,State - MADHYA PRADESH (23),Rural,In-Movement,Age not stated,236,140,96,57,40,17,152,86,66
23,State - MADHYA PRADESH (23),Rural,Mental-Retardation,Total,52079,31080,20999,9090,6816,2274,35790,20143,15647
23,State - MADHYA PRADESH (23),Rural,Mental-Retardation,0-14,14318,8227,6091,163,91,72,13793,7937,5856
23,State - MADHYA PRADESH (23),Rural,Mental-Retardation,15-59,34411,21168,13243,8162,6157,2005,19900,11331,8569
23,State - MADHYA PRADESH (23),Rural,Mental-Retardation,60+,3304,1658,1646,759,563,196,2066,857,1209
23,State - MADHYA PRADESH (23),Rural,Mental-Retardation,Age not stated,46,27,19,6,5,1,31,18,13
23,State - MADHYA PRADESH (23),Rural,Mental-Illness,Total,27111,16225,10886,4314,3241,1073,19512,11131,8381
23,State - MADHYA PRADESH (23),Rural,Mental-Illness,0-14,4355,2483,1872,60,32,28,4213,2411,1802
23,State - MADHYA PRADESH (23),Rural,Mental-Illness,15-59,20173,12479,7694,3840,2906,934,13430,7899,5531
23,State - MADHYA PRADESH (23),Rural,Mental-Illness,60+,2555,1245,1310,409,300,109,1850,809,1041
23,State - MADHYA PRADESH (23),Rural,Mental-Illness,Age not stated,28,18,10,5,3,2,19,12,7
23,State - MADHYA PRADESH (23),Rural,Any-Other,Total,202346,114075,88271,66304,48634,17670,101850,48342,53508
23,State - MADHYA PRADESH (23),Rural,Any-Other,0-14,58021,30590,27431,928,505,423,55700,29370,26330
23,State - MADHYA PRADESH (23),Rural,Any-Other,15-59,117722,69603,48119,56760,41670,15090,32733,13795,18938
23,State - MADHYA PRADESH (23),Rural,Any-Other,60+,26055,13580,12475,8498,6377,2121,13038,4982,8056
23,State - MADHYA PRADESH (23),Rural,Any-Other,Age not stated,548,302,246,118,82,36,379,195,184
23,State - MADHYA PRADESH (23),Rural,Multiple-Disability,Total,96754,52470,44284,12136,9082,3054,75574,38453,37121
23,State - MADHYA PRADESH (23),Rural,Multiple-Disability,0-14,22734,13430,9304,175,104,71,22227,13150,9077
23,State - MADHYA PRADESH (23),Rural,Multiple-Disability,15-59,37193,22890,14303,8040,6099,1941,23565,13624,9941
23,State - MADHYA PRADESH (23),Rural,Multiple-Disability,60+,36736,16099,20637,3914,2872,1042,29707,11637,18070
23,State - MADHYA PRADESH (23),Urban,Total,Total,446227,257228,188999,122818,101455,21363,299193,139656,159537
23,State - MADHYA PRADESH (23),Urban,Total,0-14,92271,50953,41318,1420,909,511,89685,49397,40288
23,State - MADHYA PRADESH (23),Urban,Total,15-59,283111,169174,113937,108647,90203,18444,154550,65505,89045
23,State - MADHYA PRADESH (23),Urban,Total,60+,69621,36450,33171,12440,10100,2340,54148,24407,29741
23,State - MADHYA PRADESH (23),Urban,Total,Age not stated,1224,651,573,311,243,68,810,347,463
23,State - MADHYA PRADESH (23),Urban,In-Seeing,Total,77932,42659,35273,22635,18651,3984,51210,21479,29731
23,State - MADHYA PRADESH (23),Urban,In-Seeing,0-14,17873,9528,8345,290,182,108,17356,9233,8123
23,State - MADHYA PRADESH (23),Urban,In-Seeing,15-59,45948,26356,19592,19701,16365,3336,23049,7953,15096
23,State - MADHYA PRADESH (23),Urban,In-Seeing,60+,13911,6670,7241,2596,2067,529,10675,4241,6434
23,State - MADHYA PRADESH (23),Urban,In-Seeing,Age not stated,200,105,95,48,37,11,130,52,78
23,State - MADHYA PRADESH (23),Urban,In-Hearing,Total,88303,47818,40485,26933,21827,5106,56269,22795,33474
23,State - MADHYA PRADESH (23),Urban,In-Hearing,0-14,19948,10525,9423,383,235,148,19251,10105,9146
23,State - MADHYA PRADESH (23),Urban,In-Hearing,15-59,54466,30148,24318,23507,19145,4362,26883,8437,18446
23,State - MADHYA PRADESH (23),Urban,In-Hearing,60+,13579,6984,6595,2961,2385,576,9947,4175,5772
23,State - MADHYA PRADESH (23),Urban,In-Hearing,Age not stated,310,161,149,82,62,20,188,78,110
23,State - MADHYA PRADESH (23),Urban,In-Speech,Total,22935,13065,9870,6370,5340,1030,15524,7034,8490
23,State - MADHYA PRADESH (23),Urban,In-Speech,0-14,5813,3241,2572,85,58,27,5683,3158,2525
23,State - MADHYA PRADESH (23),Urban,In-Speech,15-59,14932,8584,6348,5785,4869,916,8249,3114,5135
23,State - MADHYA PRADESH (23),Urban,In-Speech,60+,2126,1203,923,477,394,83,1557,748,809
23,State - MADHYA PRADESH (23),Urban,In-Speech,Age not stated,64,37,27,23,19,4,35,14,21
23,State - MADHYA PRADESH (23),Urban,In-Movement,Total,95590,60804,34786,30212,25693,4519,60002,31076,28926
23,State - MADHYA PRADESH (23),Urban,In-Movement,0-14,9903,6035,3868,111,76,35,9734,5918,3816
23,State - MADHYA PRADESH (23),Urban,In-Movement,15-59,64664,42916,21748,26960,22951,4009,33119,16481,16638
23,State - MADHYA PRADESH (23),Urban,In-Movement,60+,20925,11803,9122,3124,2651,473,17075,8646,8429
23,State - MADHYA PRADESH (23),Urban,In-Movement,Age not stated,98,50,48,17,15,2,74,31,43
23,State - MADHYA PRADESH (23),Urban,Mental-Retardation,Total,25724,15491,10233,3384,2806,578,21333,11976,9357
23,State - MADHYA PRADESH (23),Urban,Mental-Retardation,0-14,5702,3289,2413,59,42,17,5593,3218,2375
23,State - MADHYA PRADESH (23),Urban,Mental-Retardation,15-59,18523,11367,7156,3091,2582,509,14532,8143,6389
23,State - MADHYA PRADESH (23),Urban,Mental-Retardation,60+,1451,807,644,227,177,50,1168,593,575
23,State - MADHYA PRADESH (23),Urban,Mental-Retardation,Age not stated,48,28,20,7,5,2,40,22,18
23,State - MADHYA PRADESH (23),Urban,Mental-Illness,Total,12402,7541,4861,1028,877,151,10999,6387,4612
23,State - MADHYA PRADESH (23),Urban,Mental-Illness,0-14,1597,945,652,11,7,4,1576,932,644
23,State - MADHYA PRADESH (23),Urban,Mental-Illness,15-59,9757,6055,3702,927,793,134,8498,5016,3482
23,State - MADHYA PRADESH (23),Urban,Mental-Illness,60+,1033,531,502,89,76,13,911,430,481
23,State - MADHYA PRADESH (23),Urban,Any-Other,Total,92689,52049,40640,29000,23553,5447,57399,24449,32950
23,State - MADHYA PRADESH (23),Urban,Any-Other,0-14,23179,12431,10748,383,249,134,22363,11952,10411
23,State - MADHYA PRADESH (23),Urban,Any-Other,15-59,59708,34331,25377,26061,21274,4787,28386,9633,18753
23,State - MADHYA PRADESH (23),Urban,Any-Other,60+,9364,5055,4309,2434,1934,500,6355,2740,3615
23,State - MADHYA PRADESH (23),Urban,Any-Other,Age not stated,438,232,206,122,96,26,295,124,171
23,State - MADHYA PRADESH (23),Urban,Multiple-Disability,Total,30652,17801,12851,3256,2708,548,26457,14460,11997
23,State - MADHYA PRADESH (23),Urban,Multiple-Disability,0-14,8256,4959,3297,98,60,38,8129,4881,3248
23,State - MADHYA PRADESH (23),Urban,Multiple-Disability,15-59,15113,9417,5696,2615,2224,391,11834,6728,5106
23,State - MADHYA PRADESH (23),Urban,Multiple-Disability,60+,7232,3397,3835,532,416,116,6460,2834,3626
23,State - MADHYA PRADESH (23),Urban,Multiple-Disability,Age not stated,51,28,23,11,8,3,34,17,17
24,State - GUJARAT (24),Total,Total,Total,1092302,612804,479498,313446,262765,50681,712238,319622,392616
24,State - GUJARAT (24),Total,Total,0-14,221706,125889,95817,4116,2819,1297,214378,121403,92975
24,State - GUJARAT (24),Total,Total,15-59,674686,392805,281881,273622,230447,43175,347239,137701,209538
24,State - GUJARAT (24),Total,Total,60+,191513,91616,99897,34558,28583,5975,147699,59113,88586
24,State - GUJARAT (24),Total,Total,Age not stated,4397,2494,1903,1150,916,234,2922,1405,1517
24,State - GUJARAT (24),Total,In-Seeing,Total,214150,113617,100533,63975,53329,10646,137498,55035,82463
24,State - GUJARAT (24),Total,In-Seeing,0-14,43282,23583,19699,911,611,300,41696,22615,19081
24,State - GUJARAT (24),Total,In-Seeing,15-59,120460,66944,53516,53682,45026,8656,57405,18038,39367
24,State - GUJARAT (24),Total,In-Seeing,60+,49596,22665,26931,9152,7501,1651,37873,14169,23704
24,State - GUJARAT (24),Total,In-Seeing,Age not stated,812,425,387,230,191,39,524,213,311
24,State - GUJARAT (24),Total,In-Hearing,Total,190675,100441,90234,59328,49394,9934,118965,45897,73068
24,State - GUJARAT (24),Total,In-Hearing,0-14,37003,20292,16711,820,566,254,35501,19380,16121
24,State - GUJARAT (24),Total,In-Hearing,15-59,105505,58208,47297,49262,41242,8020,47051,13211,33840
24,State - GUJARAT (24),Total,In-Hearing,60+,47367,21513,25854,9020,7415,1605,35906,13087,22819
24,State - GUJARAT (24),Total,In-Hearing,Age not stated,800,428,372,226,171,55,507,219,288
24,State - GUJARAT (24),Total,In-Speech,Total,60332,35277,25055,18446,15713,2733,38244,17845,20399
24,State - GUJARAT (24),Total,In-Speech,0-14,16340,9888,6452,345,252,93,15735,9481,6254
24,State - GUJARAT (24),Total,In-Speech,15-59,38470,22355,16115,16753,14294,2459,18617,6612,12005
24,State - GUJARAT (24),Total,In-Speech,60+,5335,2920,2415,1306,1135,171,3758,1678,2080
24,State - GUJARAT (24),Total,In-Speech,Age not stated,187,114,73,42,32,10,134,74,60
24,State - GUJARAT (24),Total,In-Movement,Total,245879,149263,96616,83759,72101,11658,146102,68903,77199
24,State - GUJARAT (24),Total,In-Movement,0-14,26594,15999,10595,434,327,107,25820,15489,10331
24,State - GUJARAT (24),Total,In-Movement,15-59,174836,109655,65181,76031,65482,10549,84951,37001,47950
24,State - GUJARAT (24),Total,In-Movement,60+,43741,23193,20548,7065,6106,959,34919,16225,18694
24,State - GUJARAT (24),Total,In-Movement,Age not stated,708,416,292,229,186,43,412,188,224
24,State - GUJARAT (24),Total,Mental-Retardation,Total,66393,39309,27084,7099,5821,1278,56600,31975,24625
24,State - GUJARAT (24),Total,Mental-Retardation,0-14,20202,12041,8161,193,137,56,19801,11796,8005
24,State - GUJARAT (24),Total,Mental-Retardation,15-59,43305,25761,17544,6520,5393,1127,34419,19015,15404
24,State - GUJARAT (24),Total,Mental-Retardation,60+,2640,1336,1304,368,277,91,2161,1010,1151
24,State - GUJARAT (24),Total,Mental-Retardation,Age not stated,246,171,75,18,14,4,219,154,65
24,State - GUJARAT (24),Total,Mental-Illness,Total,42037,24943,17094,6671,5600,1071,33089,18085,15004
24,State - GUJARAT (24),Total,Mental-Illness,0-14,5110,3057,2053,70,49,21,4982,2973,2009
24,State - GUJARAT (24),Total,Mental-Illness,15-59,32093,19569,12524,6098,5152,946,23961,13285,10676
24,State - GUJARAT (24),Total,Mental-Illness,60+,4693,2231,2462,482,384,98,4032,1761,2271
24,State - GUJARAT (24),Total,Mental-Illness,Age not stated,141,86,55,21,15,6,114,66,48
24,State - GUJARAT (24),Total,Any-Other,Total,197725,107415,90310,65094,53214,11880,118495,48330,70165
24,State - GUJARAT (24),Total,Any-Other,0-14,52190,28296,23894,1191,771,420,50185,27134,23051
24,State - GUJARAT (24),Total,Any-Other,15-59,123005,67897,55108,57891,47595,10296,53294,15461,37833
24,State - GUJARAT (24),Total,Any-Other,60+,21259,10500,10759,5653,4560,1093,14196,5346,8850
24,State - GUJARAT (24),Total,Any-Other,Age not stated,1271,722,549,359,288,71,820,389,431
24,State - GUJARAT (24),Total,Multiple-Disability,Total,75111,42539,32572,9074,7593,1481,63245,33552,29693
24,State - GUJARAT (24),Total,Multiple-Disability,0-14,20985,12733,8252,152,106,46,20658,12535,8123
24,State - GUJARAT (24),Total,Multiple-Disability,15-59,37012,22416,14596,7385,6263,1122,27541,15078,12463
24,State - GUJARAT (24),Total,Multiple-Disability,60+,16882,7258,9624,1512,1205,307,14854,5837,9017
24,State - GUJARAT (24),Total,Multiple-Disability,Age not stated,232,132,100,25,19,6,192,102,90
24,State - GUJARAT (24),Rural,Total,Total,570479,321906,248573,161085,131118,29967,360644,170950,189694
24,State - GUJARAT (24),Rural,Total,0-14,119706,68454,51252,1950,1285,665,115818,66239,49579
24,State - GUJARAT (24),Rural,Total,15-59,334972,199092,135880,136475,111364,25111,159118,71676,87442
24,State - GUJARAT (24),Rural,Total,60+,113716,53162,60554,22093,18029,4064,84396,32377,52019
24,State - GUJARAT (24),Rural,Total,Age not stated,2085,1198,887,567,440,127,1312,658,654
24,State - GUJARAT (24),Rural,In-Seeing,Total,98315,51468,46847,28086,22443,5643,61530,25978,35552
24,State - GUJARAT (24),Rural,In-Seeing,0-14,19011,10313,8698,352,226,126,18344,9947,8397
24,State - GUJARAT (24),Rural,In-Seeing,15-59,48015,27255,20760,21717,17369,4348,20082,7740,12342
24,State - GUJARAT (24),Rural,In-Seeing,60+,30902,13692,17210,5910,4762,1148,22863,8183,14680
24,State - GUJARAT (24),Rural,In-Seeing,Age not stated,387,208,179,107,86,21,241,108,133
24,State - GUJARAT (24),Rural,In-Hearing,Total,85434,44201,41233,26418,20920,5498,50626,20398,30228
24,State - GUJARAT (24),Rural,In-Hearing,0-14,15669,8595,7074,315,195,120,14996,8234,6762
24,State - GUJARAT (24),Rural,In-Hearing,15-59,40797,22755,18042,20197,15928,4269,14507,4839,9668
24,State - GUJARAT (24),Rural,In-Hearing,60+,28617,12649,15968,5800,4711,1089,20916,7230,13686
24,State - GUJARAT (24),Rural,In-Hearing,Age not stated,351,202,149,106,86,20,207,95,112
24,State - GUJARAT (24),Rural,In-Speech,Total,29348,17554,11794,8465,6941,1524,18304,9511,8793
24,State - GUJARAT (24),Rural,In-Speech,0-14,9649,5963,3686,167,122,45,9311,5747,3564
24,State - GUJARAT (24),Rural,In-Speech,15-59,17247,10267,6980,7609,6242,1367,7434,3091,4343
24,State - GUJARAT (24),Rural,In-Speech,60+,2363,1266,1097,664,558,106,1504,641,863
24,State - GUJARAT (24),Rural,In-Speech,Age not stated,89,58,31,25,19,6,55,32,23
24,State - GUJARAT (24),Rural,In-Movement,Total,153695,94479,59216,52401,44797,7604,88269,43385,44884
24,State - GUJARAT (24),Rural,In-Movement,0-14,18449,11106,7343,257,192,65,17925,10775,7150
24,State - GUJARAT (24),Rural,In-Movement,15-59,109044,69412,39632,47272,40404,6868,50456,23510,26946
24,State - GUJARAT (24),Rural,In-Movement,60+,25793,13714,12079,4747,4101,646,19649,8980,10669
24,State - GUJARAT (24),Rural,In-Movement,Age not stated,409,247,162,125,100,25,239,120,119
24,State - GUJARAT (24),Rural,Mental-Retardation,Total,39554,23361,16193,4342,3471,871,33102,18768,14334
24,State - GUJARAT (24),Rural,Mental-Retardation,0-14,13782,8240,5542,132,98,34,13493,8066,5427
24,State - GUJARAT (24),Rural,Mental-Retardation,15-59,24293,14391,9902,3970,3201,769,18453,10177,8276
24,State - GUJARAT (24),Rural,Mental-Retardation,60+,1375,674,701,229,163,66,1071,481,590
24,State - GUJARAT (24),Rural,Mental-Retardation,Age not stated,104,56,48,11,9,2,85,44,41
24,State - GUJARAT (24),Rural,Mental-Illness,Total,24821,14563,10258,4183,3442,741,18805,10165,8640
24,State - GUJARAT (24),Rural,Mental-Illness,0-14,3135,1863,1272,42,29,13,3054,1813,1241
24,State - GUJARAT (24),Rural,Mental-Illness,15-59,18886,11438,7448,3821,3170,651,13413,7400,6013
24,State - GUJARAT (24),Rural,Mental-Illness,60+,2733,1220,1513,306,232,74,2289,925,1364
24,State - GUJARAT (24),Rural,Mental-Illness,Age not stated,67,42,25,14,11,3,49,27,22
24,State - GUJARAT (24),Rural,Any-Other,Total,93382,50458,42924,31861,24791,7070,51580,22238,29342
24,State - GUJARAT (24),Rural,Any-Other,0-14,26423,14158,12265,602,363,239,25320,13570,11750
24,State - GUJARAT (24),Rural,Any-Other,15-59,55409,30626,24783,27672,21597,6075,19329,6190,13139
24,State - GUJARAT (24),Rural,Any-Other,60+,10992,5364,5628,3423,2714,709,6589,2301,4288
24,State - GUJARAT (24),Rural,Any-Other,Age not stated,558,310,248,164,117,47,342,177,165
24,State - GUJARAT (24),Rural,Multiple-Disability,Total,45930,25822,20108,5329,4313,1016,38428,20507,17921
24,State - GUJARAT (24),Rural,Multiple-Disability,0-14,13588,8216,5372,83,60,23,13375,8087,5288
24,State - GUJARAT (24),Rural,Multiple-Disability,15-59,21281,12948,8333,4217,3453,764,15444,8729,6715
24,State - GUJARAT (24),Rural,Multiple-Disability,60+,10941,4583,6358,1014,788,226,9515,3636,5879
24,State - GUJARAT (24),Rural,Multiple-Disability,Age not stated,120,75,45,15,12,3,94,55,39
24,State - GUJARAT (24),Urban,Total,Total,521823,290898,230925,152361,131647,20714,351594,148672,202922
24,State - GUJARAT (24),Urban,Total,0-14,102000,57435,44565,2166,1534,632,98560,55164,43396
24,State - GUJARAT (24),Urban,Total,15-59,339714,193713,146001,137147,119083,18064,188121,66025,122096
24,State - GUJARAT (24),Urban,Total,60+,77797,38454,39343,12465,10554,1911,63303,26736,36567
24,State - GUJARAT (24),Urban,Total,Age not stated,2312,1296,1016,583,476,107,1610,747,863
24,State - GUJARAT (24),Urban,In-Seeing,Total,115835,62149,53686,35889,30886,5003,75968,29057,46911
24,State - GUJARAT (24),Urban,In-Seeing,0-14,24271,13270,11001,559,385,174,23352,12668,10684
24,State - GUJARAT (24),Urban,In-Seeing,15-59,72445,39689,32756,31965,27657,4308,37323,10298,27025
24,State - GUJARAT (24),Urban,In-Seeing,60+,18694,8973,9721,3242,2739,503,15010,5986,9024
24,State - GUJARAT (24),Urban,In-Seeing,Age not stated,425,217,208,123,105,18,283,105,178
24,State - GUJARAT (24),Urban,In-Hearing,Total,105241,56240,49001,32910,28474,4436,68339,25499,42840
24,State - GUJARAT (24),Urban,In-Hearing,0-14,21334,11697,9637,505,371,134,20505,11146,9359
24,State - GUJARAT (24),Urban,In-Hearing,15-59,64708,35453,29255,29065,25314,3751,32544,8372,24172
24,State - GUJARAT (24),Urban,In-Hearing,60+,18750,8864,9886,3220,2704,516,14990,5857,9133
24,State - GUJARAT (24),Urban,In-Hearing,Age not stated,449,226,223,120,85,35,300,124,176
24,State - GUJARAT (24),Urban,In-Speech,Total,30984,17723,13261,9981,8772,1209,19940,8334,11606
24,State - GUJARAT (24),Urban,In-Speech,0-14,6691,3925,2766,178,130,48,6424,3734,2690
24,State - GUJARAT (24),Urban,In-Speech,15-59,21223,12088,9135,9144,8052,1092,11183,3521,7662
24,State - GUJARAT (24),Urban,In-Speech,60+,2972,1654,1318,642,577,65,2254,1037,1217
24,State - GUJARAT (24),Urban,In-Speech,Age not stated,98,56,42,17,13,4,79,42,37
24,State - GUJARAT (24),Urban,In-Movement,Total,92184,54784,37400,31358,27304,4054,57833,25518,32315
24,State - GUJARAT (24),Urban,In-Movement,0-14,8145,4893,3252,177,135,42,7895,4714,3181
24,State - GUJARAT (24),Urban,In-Movement,15-59,65792,40243,25549,28759,25078,3681,34495,13491,21004
24,State - GUJARAT (24),Urban,In-Movement,60+,17948,9479,8469,2318,2005,313,15270,7245,8025
24,State - GUJARAT (24),Urban,In-Movement,Age not stated,299,169,130,104,86,18,173,68,105
24,State - GUJARAT (24),Urban,Mental-Retardation,Total,26839,15948,10891,2757,2350,407,23498,13207,10291
24,State - GUJARAT (24),Urban,Mental-Retardation,0-14,6420,3801,2619,61,39,22,6308,3730,2578
24,State - GUJARAT (24),Urban,Mental-Retardation,15-59,19012,11370,7642,2550,2192,358,15966,8838,7128
24,State - GUJARAT (24),Urban,Mental-Retardation,60+,1265,662,603,139,114,25,1090,529,561
24,State - GUJARAT (24),Urban,Mental-Retardation,Age not stated,142,115,27,7,5,2,134,110,24
24,State - GUJARAT (24),Urban,Mental-Illness,Total,17216,10380,6836,2488,2158,330,14284,7920,6364
24,State - GUJARAT (24),Urban,Mental-Illness,0-14,1975,1194,781,28,20,8,1928,1160,768
24,State - GUJARAT (24),Urban,Mental-Illness,15-59,13207,8131,5076,2277,1982,295,10548,5885,4663
24,State - GUJARAT (24),Urban,Mental-Illness,60+,1960,1011,949,176,152,24,1743,836,907
24,State - GUJARAT (24),Urban,Mental-Illness,Age not stated,74,44,30,7,4,3,65,39,26
24,State - GUJARAT (24),Urban,Any-Other,Total,104343,56957,47386,33233,28423,4810,66915,26092,40823
24,State - GUJARAT (24),Urban,Any-Other,0-14,25767,14138,11629,589,408,181,24865,13564,11301
24,State - GUJARAT (24),Urban,Any-Other,15-59,67596,37271,30325,30219,25998,4221,33965,9271,24694
24,State - GUJARAT (24),Urban,Any-Other,60+,10267,5136,5131,2230,1846,384,7607,3045,4562
24,State - GUJARAT (24),Urban,Any-Other,Age not stated,713,412,301,195,171,24,478,212,266
24,State - GUJARAT (24),Urban,Multiple-Disability,Total,29181,16717,12464,3745,3280,465,24817,13045,11772
24,State - GUJARAT (24),Urban,Multiple-Disability,0-14,7397,4517,2880,69,46,23,7283,4448,2835
24,State - GUJARAT (24),Urban,Multiple-Disability,15-59,15731,9468,6263,3168,2810,358,12097,6349,5748
24,State - GUJARAT (24),Urban,Multiple-Disability,60+,5941,2675,3266,498,417,81,5339,2201,3138
24,State - GUJARAT (24),Urban,Multiple-Disability,Age not stated,112,57,55,10,7,3,98,47,51
25,State - DAMAN & DIU (25),Total,Total,Total,2196,1300,896,721,617,104,1422,650,772
25,State - DAMAN & DIU (25),Total,Total,0-14,320,181,139,5,3,2,315,178,137
25,State - DAMAN & DIU (25),Total,Total,15-59,1470,946,524,673,578,95,755,341,414
25,State - DAMAN & DIU (25),Total,Total,60+,400,171,229,41,34,7,348,131,217
25,State - DAMAN & DIU (25),Total,In-Seeing,Total,382,222,160,156,134,22,216,82,134
25,State - DAMAN & DIU (25),Total,In-Seeing,15-59,250,155,95,139,117,22,102,32,70
25,State - DAMAN & DIU (25),Total,In-Hearing,Total,309,158,151,117,100,17,182,53,129
25,State - DAMAN & DIU (25),Total,In-Hearing,15-59,179,116,63,110,93,17,66,21,45
25,State - DAMAN & DIU (25),Total,In-Speech,Total,149,103,46,53,50,3,89,48,41
25,State - DAMAN & DIU (25),Total,In-Speech,15-59,112,82,30,52,49,3,53,28,25
25,State - DAMAN & DIU (25),Total,In-Movement,Total,620,367,253,210,175,35,395,183,212
25,State - DAMAN & DIU (25),Total,In-Movement,15-59,422,277,145,196,165,31,213,105,108
25,State - DAMAN & DIU (25),Total,In-Movement,60+,145,65,80,13,9,4,130,54,76
25,State - DAMAN & DIU (25),Total,Mental-Retardation,Total,176,98,78,16,13,3,156,82,74
25,State - DAMAN & DIU (25),Total,Mental-Retardation,15-59,136,75,61,16,13,3,116,59,57
25,State - DAMAN & DIU (25),Total,Mental-Illness,Total,89,54,35,7,6,1,81,48,33
25,State - DAMAN & DIU (25),Total,Mental-Illness,15-59,60,39,21,7,6,1,52,33,19
25,State - DAMAN & DIU (25),Total,Any-Other,Total,264,182,82,140,121,19,119,57,62
25,State - DAMAN & DIU (25),Total,Any-Other,15-59,198,140,58,133,117,16,60,19,41
25,State - DAMAN & DIU (25),Total,Any-Other,60+,19,14,5,6,4,2,13,10,3
25,State - DAMAN & DIU (25),Total,Multiple-Disability,Total,207,116,91,22,18,4,184,97,87
25,State - DAMAN & DIU (25),Total,Multiple-Disability,15-59,113,62,51,20,18,2,93,44,49
25,State - DAMAN & DIU (25),Rural,Total,Total,777,451,326,234,194,40,515,241,274
25,State - DAMAN & DIU (25),Rural,Total,15-59,509,313,196,209,175,34,282,127,155
25,State - DAMAN & DIU (25),Rural,Total,60+,140,66,74,23,17,6,107,44,63
25,State - DAMAN & DIU (25),Rural,In-Seeing,Total,146,95,51,71,65,6,72,28,44
25,State - DAMAN & DIU (25),Rural,In-Seeing,15-59,96,66,30,62,56,6,32,8,24
25,State - DAMAN & DIU (25),Rural,In-Hearing,Total,80,36,44,27,22,5,46,11,35
25,State - DAMAN & DIU (25),Rural,In-Hearing,15-59,44,23,21,23,18,5,20,4,16
25,State - DAMAN & DIU (25),Rural,In-Speech,Total,56,33,23,14,13,1,40,19,21
25,State - DAMAN & DIU (25),Rural,In-Speech,15-59,38,24,14,14,13,1,22,10,12
25,State - DAMAN & DIU (25),Rural,In-Movement,Total,254,145,109,81,63,18,164,76,88
25,State - DAMAN & DIU (25),Rural,In-Movement,15-59,172,107,65,73,59,14,92,44,48
25,State - DAMAN & DIU (25),Rural,In-Movement,60+,58,29,29,8,4,4,48,23,25
25,State - DAMAN & DIU (25),Rural,Mental-Retardation,Total,66,37,29,5,3,2,58,32,26
25,State - DAMAN & DIU (25),Rural,Mental-Retardation,15-59,50,27,23,5,3,2,42,22,20
25,State - DAMAN & DIU (25),Rural,Any-Other,Total,65,37,28,23,17,6,40,19,21
25,State - DAMAN & DIU (25),Rural,Any-Other,15-59,44,24,20,20,15,5,22,8,14
25,State - DAMAN & DIU (25),Rural,Multiple-Disability,Total,76,48,28,11,9,2,64,38,26
25,State - DAMAN & DIU (25),Rural,Multiple-Disability,15-59,41,26,15,10,9,1,31,17,14
25,State - DAMAN & DIU (25),Urban,Total,Total,1419,849,570,487,423,64,907,409,498
25,State - DAMAN & DIU (25),Urban,Total,0-14,197,110,87,4,2,2,193,108,85
25,State - DAMAN & DIU (25),Urban,Total,15-59,961,633,328,464,403,61,473,214,259
25,State - DAMAN & DIU (25),Urban,Total,60+,260,105,155,18,17,1,241,87,154
25,State - DAMAN & DIU (25),Urban,In-Seeing,Total,236,127,109,85,69,16,144,54,90
25,State - DAMAN & DIU (25),Urban,In-Seeing,15-59,154,89,65,77,61,16,70,24,46
25,State - DAMAN & DIU (25),Urban,In-Hearing,Total,229,122,107,90,78,12,136,42,94
25,State - DAMAN & DIU (25),Urban,In-Hearing,15-59,135,93,42,87,75,12,46,17,29
25,State - DAMAN & DIU (25),Urban,In-Speech,Total,93,70,23,39,37,2,49,29,20
25,State - DAMAN & DIU (25),Urban,In-Speech,15-59,74,58,16,38,36,2,31,18,13
25,State - DAMAN & DIU (25),Urban,In-Movement,Total,366,222,144,129,112,17,231,107,124
25,State - DAMAN & DIU (25),Urban,In-Movement,15-59,250,170,80,123,106,17,121,61,60
25,State - DAMAN & DIU (25),Urban,Mental-Retardation,Total,110,61,49,11,10,1,98,50,48
25,State - DAMAN & DIU (25),Urban,Mental-Retardation,15-59,86,48,38,11,10,1,74,37,37
25,State - DAMAN & DIU (25),Urban,Mental-Illness,Total,55,34,21,5,4,1,50,30,20
25,State - DAMAN & DIU (25),Urban,Mental-Illness,15-59,36,23,13,5,4,1,31,19,12
25,State - DAMAN & DIU (25),Urban,Any-Other,Total,199,145,54,117,104,13,79,38,41
25,State - DAMAN & DIU (25),Urban,Any-Other,15-59,154,116,38,113,102,11,38,11,27
25,State - DAMAN & DIU (25),Urban,Any-Other,60+,15,11,4,3,2,1,12,9,3
25,State - DAMAN & DIU (25),Urban,Multiple-Disability,Total,131,68,63,11,9,2,120,59,61
25,State - DAMAN & DIU (25),Urban,Multiple-Disability,15-59,72,36,36,10,9,1,62,27,35
26,State - DADRA & NAGAR HAVELI (26),Total,Total,Total,3294,1893,1401,883,725,158,2135,1048,1087
26,State - DADRA & NAGAR HAVELI (26),Total,Total,0-14,830,479,351,12,4,8,811,470,341
26,State - DADRA & NAGAR HAVELI (26),Total,Total,15-59,2028,1205,823,811,671,140,985,438,547
26,State - DADRA & NAGAR HAVELI (26),Total,Total,60+,430,206,224,60,50,10,334,138,196
26,State - DADRA & NAGAR HAVELI (26),Total,In-Seeing,Total,429,234,195,124,104,20,272,115,157
26,State - DADRA & NAGAR HAVELI (26),Total,In-Seeing,15-59,252,155,97,110,93,17,115,50,65
26,State - DADRA & NAGAR HAVELI (26),Total,In-Seeing,60+,89,37,52,13,11,2,70,23,47
26,State - DADRA & NAGAR HAVELI (26),Total,In-Hearing,Total,715,404,311,225,195,30,427,188,239
26,State - DADRA & NAGAR HAVELI (26),Total,In-Hearing,0-14,163,93,70,4,1,3,158,91,67
26,State - DADRA & NAGAR HAVELI (26),Total,In-Hearing,15-59,409,245,164,201,176,25,159,56,103
26,State - DADRA & NAGAR HAVELI (26),Total,In-Hearing,60+,137,63,74,20,18,2,105,39,66
26,State - DADRA & NAGAR HAVELI (26),Total,In-Speech,Total,201,115,86,51,43,8,134,62,72
26,State - DADRA & NAGAR HAVELI (26),Total,In-Speech,15-59,130,75,55,47,41,6,67,24,43
26,State - DADRA & NAGAR HAVELI (26),Total,In-Movement,Total,682,440,242,214,175,39,426,239,187
26,State - DADRA & NAGAR HAVELI (26),Total,In-Movement,15-59,475,305,170,200,163,37,238,119,119
26,State - DADRA & NAGAR HAVELI (26),Total,In-Movement,60+,108,64,44,12,10,2,91,51,40
26,State - DADRA & NAGAR HAVELI (26),Total,Mental-Retardation,Total,180,95,85,11,5,6,153,80,73
26,State - DADRA & NAGAR HAVELI (26),Total,Mental-Retardation,15-59,109,51,58,10,5,5,85,38,47
26,State - DADRA & NAGAR HAVELI (26),Total,Mental-Illness,Total,115,70,45,18,11,7,89,55,34
26,State - DADRA & NAGAR HAVELI (26),Total,Mental-Illness,15-59,90,54,36,16,10,6,67,40,27
26,State - DADRA & NAGAR HAVELI (26),Total,Mental-Illness,60+,11,8,3,2,1,1,8,7,1
26,State - DADRA & NAGAR HAVELI (26),Total,Any-Other,Total,483,266,217,177,138,39,273,115,158
26,State - DADRA & NAGAR HAVELI (26),Total,Any-Other,0-14,138,71,67,2,1,1,134,68,66
26,State - DADRA & NAGAR HAVELI (26),Total,Any-Other,15-59,318,182,136,170,133,37,119,39,80
26,State - DADRA & NAGAR HAVELI (26),Total,Any-Other,60+,27,13,14,5,4,1,20,8,12
26,State - DADRA & NAGAR HAVELI (26),Total,Multiple-Disability,Total,489,269,220,63,54,9,361,194,167
26,State - DADRA & NAGAR HAVELI (26),Total,Multiple-Disability,15-59,245,138,107,57,50,7,135,72,63
26,State - DADRA & NAGAR HAVELI (26),Total,Multiple-Disability,60+,45,14,31,6,4,2,31,7,24
26,State - DADRA & NAGAR HAVELI (26),Rural,Total,Total,1956,1097,859,475,366,109,1248,630,618
26,State - DADRA & NAGAR HAVELI (26),Rural,Total,15-59,1147,681,466,426,333,93,525,265,260
26,State - DADRA & NAGAR HAVELI (26),Rural,Total,60+,314,138,176,43,33,10,240,91,149
26,State - DADRA & NAGAR HAVELI (26),Rural,In-Seeing,Total,260,136,124,64,53,11,172,72,100
26,State - DADRA & NAGAR HAVELI (26),Rural,In-Seeing,15-59,147,91,56,56,48,8,71,34,37
26,State - DADRA & NAGAR HAVELI (26),Rural,In-Seeing,60+,67,22,45,7,5,2,56,15,41
26,State - DADRA & NAGAR HAVELI (26),Rural,In-Hearing,Total,393,220,173,113,88,25,226,114,112
26,State - DADRA & NAGAR HAVELI (26),Rural,In-Hearing,15-59,200,116,84,94,74,20,64,30,34
26,State - DADRA & NAGAR HAVELI (26),Rural,In-Hearing,60+,102,49,53,16,14,2,75,30,45
26,State - DADRA & NAGAR HAVELI (26),Rural,In-Speech,Total,119,68,51,28,24,4,75,34,41
26,State - DADRA & NAGAR HAVELI (26),Rural,In-Speech,15-59,75,45,30,25,22,3,34,13,21
26,State - DADRA & NAGAR HAVELI (26),Rural,In-Movement,Total,388,243,145,112,88,24,240,133,107
26,State - DADRA & NAGAR HAVELI (26),Rural,In-Movement,15-59,268,172,96,105,83,22,132,70,62
26,State - DADRA & NAGAR HAVELI (26),Rural,In-Movement,60+,72,38,34,7,5,2,60,30,30
26,State - DADRA & NAGAR HAVELI (26),Rural,Mental-Retardation,Total,118,67,51,10,5,5,93,52,41
26,State - DADRA & NAGAR HAVELI (26),Rural,Mental-Retardation,15-59,71,38,33,10,5,5,48,25,23
26,State - DADRA & NAGAR HAVELI (26),Rural,Mental-Illness,Total,85,50,35,13,8,5,65,39,26
26,State - DADRA & NAGAR HAVELI (26),Rural,Mental-Illness,15-59,67,40,27,11,7,4,50,30,20
26,State - DADRA & NAGAR HAVELI (26),Rural,Mental-Illness,60+,8,5,3,2,1,1,5,4,1
26,State - DADRA & NAGAR HAVELI (26),Rural,Any-Other,Total,248,135,113,95,65,30,132,61,71
26,State - DADRA & NAGAR HAVELI (26),Rural,Any-Other,15-59,148,85,63,90,62,28,40,16,24
26,State - DADRA & NAGAR HAVELI (26),Rural,Any-Other,60+,19,9,10,4,3,1,13,5,8
26,State - DADRA & NAGAR HAVELI (26),Rural,Multiple-Disability,Total,345,178,167,40,35,5,245,125,120
26,State - DADRA & NAGAR HAVELI (26),Rural,Multiple-Disability,15-59,171,94,77,35,32,3,86,47,39
26,State - DADRA & NAGAR HAVELI (26),Rural,Multiple-Disability,60+,35,9,26,5,3,2,24,5,19
26,State - DADRA & NAGAR HAVELI (26),Urban,Total,Total,1338,796,542,408,359,49,887,418,469
26,State - DADRA & NAGAR HAVELI (26),Urban,Total,0-14,341,204,137,6,4,2,333,198,135
26,State - DADRA & NAGAR HAVELI (26),Urban,Total,15-59,881,524,357,385,338,47,460,173,287
26,State - DADRA & NAGAR HAVELI (26),Urban,In-Seeing,Total,169,98,71,60,51,9,100,43,57
26,State - DADRA & NAGAR HAVELI (26),Urban,In-Seeing,15-59,105,64,41,54,45,9,44,16,28
26,State - DADRA & NAGAR HAVELI (26),Urban,In-Hearing,Total,322,184,138,112,107,5,201,74,127
26,State - DADRA & NAGAR HAVELI (26),Urban,In-Hearing,15-59,209,129,80,107,102,5,95,26,69
26,State - DADRA & NAGAR HAVELI (26),Urban,In-Speech,Total,82,47,35,23,19,4,59,28,31
26,State - DADRA & NAGAR HAVELI (26),Urban,In-Speech,15-59,55,30,25,22,19,3,33,11,22
26,State - DADRA & NAGAR HAVELI (26),Urban,In-Movement,Total,294,197,97,102,87,15,186,106,80
26,State - DADRA & NAGAR HAVELI (26),Urban,In-Movement,15-59,207,133,74,95,80,15,106,49,57
26,State - DADRA & NAGAR HAVELI (26),Urban,Mental-Illness,Total,30,20,10,5,3,2,24,16,8
26,State - DADRA & NAGAR HAVELI (26),Urban,Mental-Illness,15-59,23,14,9,5,3,2,17,10,7
26,State - DADRA & NAGAR HAVELI (26),Urban,Any-Other,Total,235,131,104,82,73,9,141,54,87
26,State - DADRA & NAGAR HAVELI (26),Urban,Any-Other,15-59,170,97,73,80,71,9,79,23,56
26,State - DADRA & NAGAR HAVELI (26),Urban,Multiple-Disability,Total,144,91,53,23,19,4,116,69,47
26,State - DADRA & NAGAR HAVELI (26),Urban,Multiple-Disability,15-59,74,44,30,22,18,4,49,25,24
27,State - MAHARASHTRA (27),Total,Total,Total,2963392,1692285,1271107,1081142,790392,290750,1715055,809369,905686
27,State - MAHARASHTRA (27),Total,Total,0-14,583984,324527,259457,14108,8308,5800,562418,312325,250093
27,State - MAHARASHTRA (27),Total,Total,15-59,1845533,1084860,760673,920570,678543,242027,795546,333855,461691
27,State - MAHARASHTRA (27),Total,Total,60+,513756,271468,242288,138361,97756,40605,346682,158422,188260
27,State - MAHARASHTRA (27),Total,Total,Age not stated,20119,11430,8689,8103,5785,2318,10409,4767,5642
27,State - MAHARASHTRA (27),Total,In-Seeing,Total,574052,311835,262217,210319,151181,59138,332179,144260,187919
27,State - MAHARASHTRA (27),Total,In-Seeing,0-14,120287,65010,55277,2628,1562,1066,116071,62635,53436
27,State - MAHARASHTRA (27),Total,In-Seeing,15-59,324253,184927,139326,173010,126162,46848,128937,46920,82017
27,State - MAHARASHTRA (27),Total,In-Seeing,60+,125882,59805,66077,33177,22352,10825,85340,33870,51470
27,State - MAHARASHTRA (27),Total,In-Seeing,Age not stated,3630,2093,1537,1504,1105,399,1831,835,996
27,State - MAHARASHTRA (27),Total,In-Hearing,Total,473271,264956,208315,182436,134856,47580,262408,114968,147440
27,State - MAHARASHTRA (27),Total,In-Hearing,0-14,93330,50343,42987,2447,1417,1030,89402,48142,41260
27,State - MAHARASHTRA (27),Total,In-Hearing,15-59,281176,163474,117702,152170,113474,38696,108024,38751,69273
27,State - MAHARASHTRA (27),Total,In-Hearing,60+,95682,49389,46293,26598,19065,7533,63343,27343,36000
27,State - MAHARASHTRA (27),Total,In-Hearing,Age not stated,3083,1750,1333,1221,900,321,1639,732,907
27,State - MAHARASHTRA (27),Total,In-Speech,Total,473610,260792,212818,217610,153202,64408,224890,91386,133504
27,State - MAHARASHTRA (27),Total,In-Speech,0-14,77954,42655,35299,3162,1813,1349,73326,40097,33229
27,State - MAHARASHTRA (27),Total,In-Speech,15-59,332634,183873,148761,189652,134084,55568,117815,36723,81092
27,State - MAHARASHTRA (27),Total,In-Speech,60+,58127,31582,26545,22625,15786,6839,31468,13659,17809
27,State - MAHARASHTRA (27),Total,In-Speech,Age not stated,4895,2682,2213,2171,1519,652,2281,907,1374
27,State - MAHARASHTRA (27),Total,In-Movement,Total,548418,357348,191070,209584,167243,42341,308347,169675,138672
27,State - MAHARASHTRA (27),Total,In-Movement,0-14,60901,37728,23173,1165,768,397,59323,36722,22601
27,State - MAHARASHTRA (27),Total,In-Movement,15-59,361153,243708,117445,180673,144978,35695,155887,82030,73857
27,State - MAHARASHTRA (27),Total,In-Movement,60+,124725,74890,49835,27142,21042,6100,92193,50410,41783
27,State - MAHARASHTRA (27),Total,In-Movement,Age not stated,1639,1022,617,604,455,149,944,513,431
27,State - MAHARASHTRA (27),Total,Mental-Retardation,Total,160209,90408,69801,26039,18125,7914,128882,69360,59522
27,State - MAHARASHTRA (27),Total,Mental-Retardation,0-14,48984,28478,20506,817,473,344,47782,27799,19983
27,State - MAHARASHTRA (27),Total,Mental-Retardation,15-59,103552,58056,45496,23224,16324,6900,75816,39215,36601
27,State - MAHARASHTRA (27),Total,Mental-Retardation,60+,6974,3484,3490,1801,1185,616,4824,2122,2702
27,State - MAHARASHTRA (27),Total,Mental-Retardation,Age not stated,699,390,309,197,143,54,460,224,236
27,State - MAHARASHTRA (27),Total,Mental-Illness,Total,58753,32907,25846,11372,7908,3464,44411,23360,21051
27,State - MAHARASHTRA (27),Total,Mental-Illness,0-14,4733,2667,2066,118,76,42,4553,2557,1996
27,State - MAHARASHTRA (27),Total,Mental-Illness,15-59,45803,26327,19476,9977,7012,2965,33274,17870,15404
27,State - MAHARASHTRA (27),Total,Mental-Illness,60+,7908,3749,4159,1222,779,443,6349,2820,3529
27,State - MAHARASHTRA (27),Total,Mental-Illness,Age not stated,309,164,145,55,41,14,235,113,122
27,State - MAHARASHTRA (27),Total,Any-Other,Total,510736,279048,231688,195441,136944,58497,284378,126095,158283
27,State - MAHARASHTRA (27),Total,Any-Other,0-14,134474,72037,62437,3119,1802,1317,129564,69309,60255
27,State - MAHARASHTRA (27),Total,Any-Other,15-59,311239,173239,138000,169170,119495,49675,117443,40920,76523
27,State - MAHARASHTRA (27),Total,Any-Other,60+,59931,30895,29036,21006,14177,6829,34859,14689,20170
27,State - MAHARASHTRA (27),Total,Any-Other,Age not stated,5092,2877,2215,2146,1470,676,2512,1177,1335
27,State - MAHARASHTRA (27),Total,Multiple-Disability,Total,164343,94991,69352,28341,20933,7408,129560,70265,59295
27,State - MAHARASHTRA (27),Total,Multiple-Disability,0-14,43321,25609,17712,652,397,255,42397,25064,17333
27,State - MAHARASHTRA (27),Total,Multiple-Disability,15-59,85723,51256,34467,22694,17014,5680,58350,31426,26924
27,State - MAHARASHTRA (27),Total,Multiple-Disability,60+,34527,17674,16853,4790,3370,1420,28306,13509,14797
27,State - MAHARASHTRA (27),Total,Multiple-Disability,Age not stated,772,452,320,205,152,53,507,266,241
27,State - MAHARASHTRA (27),Rural,Total,Total,1666135,950781,715354,644070,438586,205484,908114,453399,454715
27,State - MAHARASHTRA (27),Rural,Total,0-14,336897,189317,147580,8810,5040,3770,323832,182091,141741
27,State - MAHARASHTRA (27),Rural,Total,15-59,974438,575643,398795,524493,358229,166264,364189,173033,191156
27,State - MAHARASHTRA (27),Rural,Total,60+,344735,180159,164576,106419,72494,33925,215249,95879,119370
27,State - MAHARASHTRA (27),Rural,Total,Age not stated,10065,5662,4403,4348,2823,1525,4844,2396,2448
27,State - MAHARASHTRA (27),Rural,In-Seeing,Total,321266,171367,149899,122470,80174,42296,176779,80730,96049
27,State - MAHARASHTRA (27),Rural,In-Seeing,0-14,67342,36527,30815,1600,901,699,64878,35188,29690
27,State - MAHARASHTRA (27),Rural,In-Seeing,15-59,161142,91541,69601,93720,61746,31974,52712,22759,29953
27,State - MAHARASHTRA (27),Rural,In-Seeing,60+,90923,42244,48679,26338,16986,9352,58317,22358,35959
27,State - MAHARASHTRA (27),Rural,In-Seeing,Age not stated,1859,1055,804,812,541,271,872,425,447
27,State - MAHARASHTRA (27),Rural,In-Hearing,Total,237739,132348,105391,98730,66827,31903,120756,56455,64301
27,State - MAHARASHTRA (27),Rural,In-Hearing,0-14,46040,25426,20614,1398,788,610,43874,24229,19645
27,State - MAHARASHTRA (27),Rural,In-Hearing,15-59,127702,74180,53522,76503,51622,24881,38455,16273,22182
27,State - MAHARASHTRA (27),Rural,In-Hearing,60+,62577,31934,30643,20221,13997,6224,37721,15616,22105
27,State - MAHARASHTRA (27),Rural,In-Hearing,Age not stated,1420,808,612,608,420,188,706,337,369
27,State - MAHARASHTRA (27),Rural,In-Speech,Total,240835,131871,108964,121042,77772,43270,100207,44925,55282
27,State - MAHARASHTRA (27),Rural,In-Speech,0-14,44197,24527,19670,1981,1108,873,41368,22991,18377
27,State - MAHARASHTRA (27),Rural,In-Speech,15-59,161554,88495,73059,101781,65226,36555,44078,16026,28052
27,State - MAHARASHTRA (27),Rural,In-Speech,60+,32904,17679,15225,16203,10766,5437,13875,5519,8356
27,State - MAHARASHTRA (27),Rural,In-Speech,Age not stated,2180,1170,1010,1077,672,405,886,389,497
27,State - MAHARASHTRA (27),Rural,In-Movement,Total,363353,237783,125570,145058,112736,32322,194787,109934,84853
27,State - MAHARASHTRA (27),Rural,In-Movement,0-14,42477,26394,16083,861,547,314,41306,25677,15629
27,State - MAHARASHTRA (27),Rural,In-Movement,15-59,232636,158194,74442,121823,95162,26661,92242,50973,41269
27,State - MAHARASHTRA (27),Rural,In-Movement,60+,87188,52543,34645,21975,16742,5233,60652,32955,27697
27,State - MAHARASHTRA (27),Rural,In-Movement,Age not stated,1052,652,400,399,285,114,587,329,258
27,State - MAHARASHTRA (27),Rural,Mental-Retardation,Total,92318,51165,41153,16803,10741,6062,71714,38488,33226
27,State - MAHARASHTRA (27),Rural,Mental-Retardation,0-14,30882,17814,13068,585,332,253,30028,17340,12688
27,State - MAHARASHTRA (27),Rural,Mental-Retardation,15-59,57095,31206,25889,14822,9543,5279,39026,20012,19014
27,State - MAHARASHTRA (27),Rural,Mental-Retardation,60+,3988,1962,2026,1308,815,493,2422,1018,1404
27,State - MAHARASHTRA (27),Rural,Mental-Retardation,Age not stated,353,183,170,88,51,37,238,118,120
27,State - MAHARASHTRA (27),Rural,Mental-Illness,Total,33972,18658,15314,8197,5391,2806,23437,12066,11371
27,State - MAHARASHTRA (27),Rural,Mental-Illness,0-14,2401,1344,1057,72,46,26,2288,1270,1018
27,State - MAHARASHTRA (27),Rural,Mental-Illness,15-59,26536,14975,11561,7143,4749,2394,17383,9175,8208
27,State - MAHARASHTRA (27),Rural,Mental-Illness,60+,4902,2263,2639,953,576,377,3675,1572,2103
27,State - MAHARASHTRA (27),Rural,Mental-Illness,Age not stated,133,76,57,29,20,9,91,49,42
27,State - MAHARASHTRA (27),Rural,Any-Other,Total,270742,146452,124290,112720,71569,41151,138279,65647,72632
27,State - MAHARASHTRA (27),Rural,Any-Other,0-14,75550,40490,35060,1856,1033,823,72715,38975,33740
27,State - MAHARASHTRA (27),Rural,Any-Other,15-59,155800,85889,69911,94112,59844,34268,46188,18824,27364
27,State - MAHARASHTRA (27),Rural,Any-Other,60+,36737,18599,18138,15530,9935,5595,18182,7250,10932
27,State - MAHARASHTRA (27),Rural,Any-Other,Age not stated,2655,1474,1181,1222,757,465,1194,598,596
27,State - MAHARASHTRA (27),Rural,Multiple-Disability,Total,105910,61137,44773,19050,13376,5674,82155,45154,37001
27,State - MAHARASHTRA (27),Rural,Multiple-Disability,0-14,28008,16795,11213,457,285,172,27375,16421,10954
27,State - MAHARASHTRA (27),Rural,Multiple-Disability,15-59,51973,31163,20810,14589,10337,4252,34105,18991,15114
27,State - MAHARASHTRA (27),Rural,Multiple-Disability,60+,25516,12935,12581,3891,2677,1214,20405,9591,10814
27,State - MAHARASHTRA (27),Rural,Multiple-Disability,Age not stated,413,244,169,113,77,36,270,151,119
27,State - MAHARASHTRA (27),Urban,Total,Total,1297257,741504,555753,437072,351806,85266,806941,355970,450971
27,State - MAHARASHTRA (27),Urban,Total,0-14,247087,135210,111877,5298,3268,2030,238586,130234,108352
27,State - MAHARASHTRA (27),Urban,Total,15-59,871095,509217,361878,396077,320314,75763,431357,160822,270535
27,State - MAHARASHTRA (27),Urban,Total,60+,169021,91309,77712,31942,25262,6680,131433,62543,68890
27,State - MAHARASHTRA (27),Urban,Total,Age not stated,10054,5768,4286,3755,2962,793,5565,2371,3194
27,State - MAHARASHTRA (27),Urban,In-Seeing,Total,252786,140468,112318,87849,71007,16842,155400,63530,91870
27,State - MAHARASHTRA (27),Urban,In-Seeing,0-14,52945,28483,24462,1028,661,367,51193,27447,23746
27,State - MAHARASHTRA (27),Urban,In-Seeing,15-59,163111,93386,69725,79290,64416,14874,76225,24161,52064
27,State - MAHARASHTRA (27),Urban,In-Seeing,60+,34959,17561,17398,6839,5366,1473,27023,11512,15511
27,State - MAHARASHTRA (27),Urban,In-Seeing,Age not stated,1771,1038,733,692,564,128,959,410,549
27,State - MAHARASHTRA (27),Urban,In-Hearing,Total,235532,132608,102924,83706,68029,15677,141652,58513,83139
27,State - MAHARASHTRA (27),Urban,In-Hearing,0-14,47290,24917,22373,1049,629,420,45528,23913,21615
27,State - MAHARASHTRA (27),Urban,In-Hearing,15-59,153474,89294,64180,75667,61852,13815,69569,22478,47091
27,State - MAHARASHTRA (27),Urban,In-Hearing,60+,33105,17455,15650,6377,5068,1309,25622,11727,13895
27,State - MAHARASHTRA (27),Urban,In-Hearing,Age not stated,1663,942,721,613,480,133,933,395,538
27,State - MAHARASHTRA (27),Urban,In-Speech,Total,232775,128921,103854,96568,75430,21138,124683,46461,78222
27,State - MAHARASHTRA (27),Urban,In-Speech,0-14,33757,18128,15629,1181,705,476,31958,17106,14852
27,State - MAHARASHTRA (27),Urban,In-Speech,15-59,171080,95378,75702,87871,68858,19013,73737,20697,53040
27,State - MAHARASHTRA (27),Urban,In-Speech,60+,25223,13903,11320,6422,5020,1402,17593,8140,9453
27,State - MAHARASHTRA (27),Urban,In-Speech,Age not stated,2715,1512,1203,1094,847,247,1395,518,877
27,State - MAHARASHTRA (27),Urban,In-Movement,Total,185065,119565,65500,64526,54507,10019,113560,59741,53819
27,State - MAHARASHTRA (27),Urban,In-Movement,0-14,18424,11334,7090,304,221,83,18017,11045,6972
27,State - MAHARASHTRA (27),Urban,In-Movement,15-59,128517,85514,43003,58850,49816,9034,63645,31057,32588
27,State - MAHARASHTRA (27),Urban,In-Movement,60+,37537,22347,15190,5167,4300,867,31541,17455,14086
27,State - MAHARASHTRA (27),Urban,In-Movement,Age not stated,587,370,217,205,170,35,357,184,173
27,State - MAHARASHTRA (27),Urban,Mental-Retardation,Total,67891,39243,28648,9236,7384,1852,57168,30872,26296
27,State - MAHARASHTRA (27),Urban,Mental-Retardation,0-14,18102,10664,7438,232,141,91,17754,10459,7295
27,State - MAHARASHTRA (27),Urban,Mental-Retardation,15-59,46457,26850,19607,8402,6781,1621,36790,19203,17587
27,State - MAHARASHTRA (27),Urban,Mental-Retardation,60+,2986,1522,1464,493,370,123,2402,1104,1298
27,State - MAHARASHTRA (27),Urban,Mental-Retardation,Age not stated,346,207,139,109,92,17,222,106,116
27,State - MAHARASHTRA (27),Urban,Mental-Illness,Total,24781,14249,10532,3175,2517,658,20974,11294,9680
27,State - MAHARASHTRA (27),Urban,Mental-Illness,0-14,2332,1323,1009,46,30,16,2265,1287,978
27,State - MAHARASHTRA (27),Urban,Mental-Illness,15-59,19267,11352,7915,2834,2263,571,15891,8695,7196
27,State - MAHARASHTRA (27),Urban,Mental-Illness,60+,3006,1486,1520,269,203,66,2674,1248,1426
27,State - MAHARASHTRA (27),Urban,Mental-Illness,Age not stated,176,88,88,26,21,5,144,64,80
27,State - MAHARASHTRA (27),Urban,Any-Other,Total,239994,132596,107398,82721,65375,17346,146099,60448,85651
27,State - MAHARASHTRA (27),Urban,Any-Other,0-14,58924,31547,27377,1263,769,494,56849,30334,26515
27,State - MAHARASHTRA (27),Urban,Any-Other,15-59,155439,87350,68089,75058,59651,15407,71255,22096,49159
27,State - MAHARASHTRA (27),Urban,Any-Other,60+,23194,12296,10898,5476,4242,1234,16677,7439,9238
27,State - MAHARASHTRA (27),Urban,Any-Other,Age not stated,2437,1403,1034,924,713,211,1318,579,739
27,State - MAHARASHTRA (27),Urban,Multiple-Disability,Total,58433,33854,24579,9291,7557,1734,47405,25111,22294
27,State - MAHARASHTRA (27),Urban,Multiple-Disability,0-14,15313,8814,6499,195,112,83,15022,8643,6379
27,State - MAHARASHTRA (27),Urban,Multiple-Disability,15-59,33750,20093,13657,8105,6677,1428,24245,12435,11810
27,State - MAHARASHTRA (27),Urban,Multiple-Disability,60+,9011,4739,4272,899,693,206,7901,3918,3983
27,State - MAHARASHTRA (27),Urban,Multiple-Disability,Age not stated,359,208,151,92,75,17,237,115,122
28,State - ANDHRA PRADESH (28),Total,Total,Total,2266607,1224459,1042148,691079,485328,205751,1391420,642838,748582
28,State - ANDHRA PRADESH (28),Total,Total,0-14,377620,205451,172169,8776,5113,3663,360231,196127,164104
28,State - ANDHRA PRADESH (28),Total,Total,15-59,1371090,758147,612943,572936,401918,171018,658494,283670,374824
28,State - ANDHRA PRADESH (28),Total,Total,60+,491816,247027,244789,101923,73121,28802,356529,155684,200845
28,State - ANDHRA PRADESH (28),Total,Total,Age not stated,26081,13834,12247,7444,5176,2268,16166,7357,8809
28,State - ANDHRA PRADESH (28),Total,In-Seeing,Total,398144,198473,199671,123375,85191,38184,238898,95646,143252
28,State - ANDHRA PRADESH (28),Total,In-Seeing,0-14,53380,28353,25027,1288,743,545,50506,26775,23731
28,State - ANDHRA PRADESH (28),Total,In-Seeing,15-59,200801,105740,95061,91922,63598,28324,85584,30889,54695
28,State - ANDHRA PRADESH (28),Total,In-Seeing,60+,139812,62282,77530,28994,20024,8970,100257,36909,63348
28,State - ANDHRA PRADESH (28),Total,In-Seeing,Age not stated,4151,2098,2053,1171,826,345,2551,1073,1478
28,State - ANDHRA PRADESH (28),Total,In-Hearing,Total,334292,167226,167066,117629,77770,39859,182100,73394,108706
28,State - ANDHRA PRADESH (28),Total,In-Hearing,0-14,58578,30455,28123,2145,1314,831,54010,28053,25957
28,State - ANDHRA PRADESH (28),Total,In-Hearing,15-59,195269,98519,96750,95454,62546,32908,74374,24457,49917
28,State - ANDHRA PRADESH (28),Total,In-Hearing,60+,76017,36002,40015,18782,13028,5754,51091,19806,31285
28,State - ANDHRA PRADESH (28),Total,In-Hearing,Age not stated,4428,2250,2178,1248,882,366,2625,1078,1547
28,State - ANDHRA PRADESH (28),Total,In-Speech,Total,219543,121644,97899,87613,62399,25214,114212,50236,63976
28,State - ANDHRA PRADESH (28),Total,In-Speech,0-14,43829,24233,19596,1108,672,436,41893,23134,18759
28,State - ANDHRA PRADESH (28),Total,In-Speech,15-59,149779,82928,66851,77439,55032,22407,57494,20437,37057
28,State - ANDHRA PRADESH (28),Total,In-Speech,60+,23710,13186,10524,8235,6107,2128,13621,6074,7547
28,State - ANDHRA PRADESH (28),Total,In-Speech,Age not stated,2225,1297,928,831,588,243,1204,591,613
28,State - ANDHRA PRADESH (28),Total,In-Movement,Total,538934,327947,210987,164972,127827,37145,335174,175476,159698
28,State - ANDHRA PRADESH (28),Total,In-Movement,0-14,46251,27290,18961,795,461,334,44934,26549,18385
28,State - ANDHRA PRADESH (28),Total,In-Movement,15-59,352351,219790,132561,140820,108878,31942,180501,91222,89279
28,State - ANDHRA PRADESH (28),Total,In-Movement,60+,136817,78777,58040,22359,17722,4637,107499,56553,50946
28,State - ANDHRA PRADESH (28),Total,In-Movement,Age not stated,3515,2090,1425,998,766,232,2240,1152,1088
28,State - ANDHRA PRADESH (28),Total,Mental-Retardation,Total,132380,70272,62108,20010,13228,6782,105626,53389,52237
28,State - ANDHRA PRADESH (28),Total,Mental-Retardation,0-14,34182,18753,15429,519,284,235,33244,18235,15009
28,State - ANDHRA PRADESH (28),Total,Mental-Retardation,15-59,88977,46871,42106,17754,11736,6018,65475,32035,33440
28,State - ANDHRA PRADESH (28),Total,Mental-Retardation,60+,7989,4006,3983,1552,1072,480,5939,2662,3277
28,State - ANDHRA PRADESH (28),Total,Mental-Retardation,Age not stated,1232,642,590,185,136,49,968,457,511
28,State - ANDHRA PRADESH (28),Total,Mental-Illness,Total,43169,22283,20886,6635,4242,2393,33858,16638,17220
28,State - ANDHRA PRADESH (28),Total,Mental-Illness,0-14,5206,2928,2278,123,68,55,4992,2807,2185
28,State - ANDHRA PRADESH (28),Total,Mental-Illness,15-59,32831,16935,15896,5822,3729,2093,24699,12007,12692
28,State - ANDHRA PRADESH (28),Total,Mental-Illness,60+,4808,2264,2544,650,423,227,3898,1701,2197
28,State - ANDHRA PRADESH (28),Total,Mental-Illness,Age not stated,324,156,168,40,22,18,269,123,146
28,State - ANDHRA PRADESH (28),Total,Any-Other,Total,409775,214338,195437,143784,95489,48295,227773,100124,127649
28,State - ANDHRA PRADESH (28),Total,Any-Other,0-14,91319,48037,43282,2300,1278,1022,86687,45694,40993
28,State - ANDHRA PRADESH (28),Total,Any-Other,15-59,252528,132921,119607,122195,81062,41133,100287,37260,63027
28,State - ANDHRA PRADESH (28),Total,Any-Other,60+,56964,28710,28254,16481,11310,5171,35487,14754,20733
28,State - ANDHRA PRADESH (28),Total,Any-Other,Age not stated,8964,4670,4294,2808,1839,969,5312,2416,2896
28,State - ANDHRA PRADESH (28),Total,Multiple-Disability,Total,190370,102276,88094,27061,19182,7879,153779,77935,75844
28,State - ANDHRA PRADESH (28),Total,Multiple-Disability,0-14,44875,25402,19473,498,293,205,43965,24880,19085
28,State - ANDHRA PRADESH (28),Total,Multiple-Disability,15-59,98554,54443,44111,21530,15337,6193,70080,35363,34717
28,State - ANDHRA PRADESH (28),Total,Multiple-Disability,60+,45699,21800,23899,4870,3435,1435,38737,17225,21512
28,State - ANDHRA PRADESH (28),Total,Multiple-Disability,Age not stated,1242,631,611,163,117,46,997,467,530
28,State - ANDHRA PRADESH (28),Rural,Total,Total,1512961,812882,700079,477916,316217,161699,904121,431832,472289
28,State - ANDHRA PRADESH (28),Rural,Total,0-14,233316,127716,105600,5367,2856,2511,224186,123245,100941
28,State - ANDHRA PRADESH (28),Rural,Total,15-59,877354,484577,392777,386976,253814,133162,392129,182884,209245
28,State - ANDHRA PRADESH (28),Rural,Total,60+,389489,193850,195639,81470,56993,24477,280337,122079,158258
28,State - ANDHRA PRADESH (28),Rural,Total,Age not stated,12802,6739,6063,4103,2554,1549,7469,3624,3845
28,State - ANDHRA PRADESH (28),Rural,In-Seeing,Total,261467,127379,134088,83939,54092,29847,152190,61698,90492
28,State - ANDHRA PRADESH (28),Rural,In-Seeing,0-14,26198,14034,12164,635,330,305,25157,13497,11660
28,State - ANDHRA PRADESH (28),Rural,In-Seeing,15-59,117179,60980,56199,58441,36995,21446,43198,17225,25973
28,State - ANDHRA PRADESH (28),Rural,In-Seeing,60+,116217,51457,64760,24282,16395,7887,82751,30513,52238
28,State - ANDHRA PRADESH (28),Rural,In-Seeing,Age not stated,1873,908,965,581,372,209,1084,463,621
28,State - ANDHRA PRADESH (28),Rural,In-Hearing,Total,197246,96517,100729,77596,46562,31034,97445,40680,56765
28,State - ANDHRA PRADESH (28),Rural,In-Hearing,0-14,29506,15055,14451,1016,501,515,27450,14203,13247
28,State - ANDHRA PRADESH (28),Rural,In-Hearing,15-59,107973,53383,54590,61299,35832,25467,30658,11217,19441
28,State - ANDHRA PRADESH (28),Rural,In-Hearing,60+,58428,27427,31001,14816,9955,4861,38617,14947,23670
28,State - ANDHRA PRADESH (28),Rural,In-Hearing,Age not stated,1339,652,687,465,274,191,720,313,407
28,State - ANDHRA PRADESH (28),Rural,In-Speech,Total,138068,76156,61912,57720,38240,19480,67729,31989,35740
28,State - ANDHRA PRADESH (28),Rural,In-Speech,0-14,29696,16654,13042,820,467,353,28400,15951,12449
28,State - ANDHRA PRADESH (28),Rural,In-Speech,15-59,91253,50133,41120,50500,33228,17272,30077,11967,18110
28,State - ANDHRA PRADESH (28),Rural,In-Speech,60+,15984,8709,7275,5947,4256,1691,8674,3756,4918
28,State - ANDHRA PRADESH (28),Rural,In-Speech,Age not stated,1135,660,475,453,289,164,578,315,263
28,State - ANDHRA PRADESH (28),Rural,In-Movement,Total,411720,249840,161880,124570,94254,30316,255137,135745,119392
28,State - ANDHRA PRADESH (28),Rural,In-Movement,0-14,35603,21115,14488,647,359,288,34584,20567,14017
28,State - ANDHRA PRADESH (28),Rural,In-Movement,15-59,262542,163565,98977,104735,78893,25842,132407,69011,63396
28,State - ANDHRA PRADESH (28),Rural,In-Movement,60+,111192,63750,47442,18502,14503,3999,86642,45373,41269
28,State - ANDHRA PRADESH (28),Rural,In-Movement,Age not stated,2383,1410,973,686,499,187,1504,794,710
28,State - ANDHRA PRADESH (28),Rural,Mental-Retardation,Total,92195,47964,44231,14457,8864,5593,72787,36557,36230
28,State - ANDHRA PRADESH (28),Rural,Mental-Retardation,0-14,24638,13384,11254,394,208,186,24020,13041,10979
28,State - ANDHRA PRADESH (28),Rural,Mental-Retardation,15-59,61310,31496,29814,12810,7839,4971,44189,21475,22714
28,State - ANDHRA PRADESH (28),Rural,Mental-Retardation,60+,5686,2785,2901,1154,750,404,4163,1834,2329
28,State - ANDHRA PRADESH (28),Rural,Mental-Retardation,Age not stated,561,299,262,99,67,32,415,207,208
28,State - ANDHRA PRADESH (28),Rural,Mental-Illness,Total,30581,15303,15278,5177,3135,2042,23359,11167,12192
28,State - ANDHRA PRADESH (28),Rural,Mental-Illness,0-14,3500,1942,1558,98,53,45,3345,1861,1484
28,State - ANDHRA PRADESH (28),Rural,Mental-Illness,15-59,23240,11578,11662,4522,2726,1796,16948,7994,8954
28,State - ANDHRA PRADESH (28),Rural,Mental-Illness,60+,3669,1702,1967,532,343,189,2928,1250,1678
28,State - ANDHRA PRADESH (28),Rural,Mental-Illness,Age not stated,172,81,91,25,13,12,138,62,76
28,State - ANDHRA PRADESH (28),Rural,Any-Other,Total,238999,123976,115023,94072,57227,36845,120528,55913,64615
28,State - ANDHRA PRADESH (28),Rural,Any-Other,0-14,50975,26748,24227,1371,719,652,48647,25678,22969
28,State - ANDHRA PRADESH (28),Rural,Any-Other,15-59,143396,74933,68463,78816,47545,31271,45369,18979,26390
28,State - ANDHRA PRADESH (28),Rural,Any-Other,60+,40081,19962,20119,12192,7991,4201,24133,10091,14042
28,State - ANDHRA PRADESH (28),Rural,Any-Other,Age not stated,4547,2333,2214,1693,972,721,2379,1165,1214
28,State - ANDHRA PRADESH (28),Rural,Multiple-Disability,Total,142685,75747,66938,20385,13843,6542,114946,58083,56863
28,State - ANDHRA PRADESH (28),Rural,Multiple-Disability,0-14,33200,18784,14416,386,219,167,32583,18447,14136
28,State - ANDHRA PRADESH (28),Rural,Multiple-Disability,15-59,70461,38509,31952,15853,10756,5097,49283,25016,24267
28,State - ANDHRA PRADESH (28),Rural,Multiple-Disability,60+,38232,18058,20174,4045,2800,1245,32429,14315,18114
28,State - ANDHRA PRADESH (28),Rural,Multiple-Disability,Age not stated,792,396,396,101,68,33,651,305,346
28,State - ANDHRA PRADESH (28),Urban,Total,Total,753646,411577,342069,213163,169111,44052,487299,211006,276293
28,State - ANDHRA PRADESH (28),Urban,Total,0-14,144304,77735,66569,3409,2257,1152,136045,72882,63163
28,State - ANDHRA PRADESH (28),Urban,Total,15-59,493736,273570,220166,185960,148104,37856,266365,100786,165579
28,State - ANDHRA PRADESH (28),Urban,Total,60+,102327,53177,49150,20453,16128,4325,76192,33605,42587
28,State - ANDHRA PRADESH (28),Urban,Total,Age not stated,13279,7095,6184,3341,2622,719,8697,3733,4964
28,State - ANDHRA PRADESH (28),Urban,In-Seeing,Total,136677,71094,65583,39436,31099,8337,86708,33948,52760
28,State - ANDHRA PRADESH (28),Urban,In-Seeing,0-14,27182,14319,12863,653,413,240,25349,13278,12071
28,State - ANDHRA PRADESH (28),Urban,In-Seeing,15-59,83622,44760,38862,33481,26603,6878,42386,13664,28722
28,State - ANDHRA PRADESH (28),Urban,In-Seeing,60+,23595,10825,12770,4712,3629,1083,17506,6396,11110
28,State - ANDHRA PRADESH (28),Urban,In-Seeing,Age not stated,2278,1190,1088,590,454,136,1467,610,857
28,State - ANDHRA PRADESH (28),Urban,In-Hearing,Total,137046,70709,66337,40033,31208,8825,84655,32714,51941
28,State - ANDHRA PRADESH (28),Urban,In-Hearing,0-14,29072,15400,13672,1129,813,316,26560,13850,12710
28,State - ANDHRA PRADESH (28),Urban,In-Hearing,15-59,87296,45136,42160,34155,26714,7441,43716,13240,30476
28,State - ANDHRA PRADESH (28),Urban,In-Hearing,60+,17589,8575,9014,3966,3073,893,12474,4859,7615
28,State - ANDHRA PRADESH (28),Urban,In-Hearing,Age not stated,3089,1598,1491,783,608,175,1905,765,1140
28,State - ANDHRA PRADESH (28),Urban,In-Speech,Total,81475,45488,35987,29893,24159,5734,46483,18247,28236
28,State - ANDHRA PRADESH (28),Urban,In-Speech,0-14,14133,7579,6554,288,205,83,13493,7183,6310
28,State - ANDHRA PRADESH (28),Urban,In-Speech,15-59,58526,32795,25731,26939,21804,5135,27417,8470,18947
28,State - ANDHRA PRADESH (28),Urban,In-Speech,60+,7726,4477,3249,2288,1851,437,4947,2318,2629
28,State - ANDHRA PRADESH (28),Urban,In-Speech,Age not stated,1090,637,453,378,299,79,626,276,350
28,State - ANDHRA PRADESH (28),Urban,In-Movement,Total,127214,78107,49107,40402,33573,6829,80037,39731,40306
28,State - ANDHRA PRADESH (28),Urban,In-Movement,0-14,10648,6175,4473,148,102,46,10350,5982,4368
28,State - ANDHRA PRADESH (28),Urban,In-Movement,15-59,89809,56225,33584,36085,29985,6100,48094,22211,25883
28,State - ANDHRA PRADESH (28),Urban,In-Movement,60+,25625,15027,10598,3857,3219,638,20857,11180,9677
28,State - ANDHRA PRADESH (28),Urban,In-Movement,Age not stated,1132,680,452,312,267,45,736,358,378
28,State - ANDHRA PRADESH (28),Urban,Mental-Retardation,Total,40185,22308,17877,5553,4364,1189,32839,16832,16007
28,State - ANDHRA PRADESH (28),Urban,Mental-Retardation,0-14,9544,5369,4175,125,76,49,9224,5194,4030
28,State - ANDHRA PRADESH (28),Urban,Mental-Retardation,15-59,27667,15375,12292,4944,3897,1047,21286,10560,10726
28,State - ANDHRA PRADESH (28),Urban,Mental-Retardation,60+,2303,1221,1082,398,322,76,1776,828,948
28,State - ANDHRA PRADESH (28),Urban,Mental-Retardation,Age not stated,671,343,328,86,69,17,553,250,303
28,State - ANDHRA PRADESH (28),Urban,Mental-Illness,Total,12588,6980,5608,1458,1107,351,10499,5471,5028
28,State - ANDHRA PRADESH (28),Urban,Mental-Illness,0-14,1706,986,720,25,15,10,1647,946,701
28,State - ANDHRA PRADESH (28),Urban,Mental-Illness,15-59,9591,5357,4234,1300,1003,297,7751,4013,3738
28,State - ANDHRA PRADESH (28),Urban,Mental-Illness,60+,1139,562,577,118,80,38,970,451,519
28,State - ANDHRA PRADESH (28),Urban,Mental-Illness,Age not stated,152,75,77,15,9,6,131,61,70
28,State - ANDHRA PRADESH (28),Urban,Any-Other,Total,170776,90362,80414,49712,38262,11450,107245,44211,63034
28,State - ANDHRA PRADESH (28),Urban,Any-Other,0-14,40344,21289,19055,929,559,370,38040,20016,18024
28,State - ANDHRA PRADESH (28),Urban,Any-Other,15-59,109132,57988,51144,43379,33517,9862,54918,18281,36637
28,State - ANDHRA PRADESH (28),Urban,Any-Other,60+,16883,8748,8135,4289,3319,970,11354,4663,6691
28,State - ANDHRA PRADESH (28),Urban,Any-Other,Age not stated,4417,2337,2080,1115,867,248,2933,1251,1682
28,State - ANDHRA PRADESH (28),Urban,Multiple-Disability,Total,47685,26529,21156,6676,5339,1337,38833,19852,18981
28,State - ANDHRA PRADESH (28),Urban,Multiple-Disability,0-14,11675,6618,5057,112,74,38,11382,6433,4949
28,State - ANDHRA PRADESH (28),Urban,Multiple-Disability,15-59,28093,15934,12159,5677,4581,1096,20797,10347,10450
28,State - ANDHRA PRADESH (28),Urban,Multiple-Disability,60+,7467,3742,3725,825,635,190,6308,2910,3398
28,State - ANDHRA PRADESH (28),Urban,Multiple-Disability,Age not stated,450,235,215,62,49,13,346,162,184
29,State - KARNATAKA (29),Total,Total,Total,1324205,726521,597684,410271,301071,109200,820303,376657,443646
29,State - KARNATAKA (29),Total,Total,0-14,268636,146524,122112,5748,3379,2369,258376,140813,117563
29,State - KARNATAKA (29),Total,Total,15-59,834367,468068,366299,356069,261251,94818,401577,166709,234868
29,State - KARNATAKA (29),Total,Total,60+,219668,111087,108581,48038,36171,11867,159346,68631,90715
29,State - KARNATAKA (29),Total,Total,Age not stated,1534,842,692,416,270,146,1004,504,500
29,State - KARNATAKA (29),Total,In-Seeing,Total,264170,133909,130261,85660,61440,24220,160419,63670,96749
29,State - KARNATAKA (29),Total,In-Seeing,0-14,49252,26055,23197,1058,642,416,47200,24891,22309
29,State - KARNATAKA (29),Total,In-Seeing,15-59,147601,78316,69285,70912,51055,19857,63375,20732,42643
29,State - KARNATAKA (29),Total,In-Seeing,60+,67055,29393,37662,13608,9691,3917,49684,17967,31717
29,State - KARNATAKA (29),Total,In-Seeing,Age not stated,262,145,117,82,52,30,160,80,80
29,State - KARNATAKA (29),Total,In-Hearing,Total,235691,122685,113006,85992,61263,24729,129400,51758,77642
29,State - KARNATAKA (29),Total,In-Hearing,0-14,48693,25118,23575,1727,945,782,45827,23621,22206
29,State - KARNATAKA (29),Total,In-Hearing,15-59,146439,77769,68670,73638,52353,21285,56450,17675,38775
29,State - KARNATAKA (29),Total,In-Hearing,60+,40061,19534,20527,10460,7865,2595,26834,10321,16513
29,State - KARNATAKA (29),Total,In-Hearing,Age not stated,498,264,234,167,100,67,289,141,148
29,State - KARNATAKA (29),Total,In-Speech,Total,90741,49848,40893,28645,20781,7864,55005,25548,29457
29,State - KARNATAKA (29),Total,In-Speech,0-14,24313,13949,10364,500,310,190,23427,13429,9998
29,State - KARNATAKA (29),Total,In-Speech,15-59,59109,31911,27198,25997,18887,7110,26878,9969,16909
29,State - KARNATAKA (29),Total,In-Speech,60+,7237,3948,3289,2133,1576,557,4640,2123,2517
29,State - KARNATAKA (29),Total,In-Speech,Age not stated,82,40,42,15,8,7,60,27,33
29,State - KARNATAKA (29),Total,In-Movement,Total,271982,171139,100843,86867,68953,17914,167041,90701,76340
29,State - KARNATAKA (29),Total,In-Movement,0-14,33725,20198,13527,518,337,181,32899,19669,13230
29,State - KARNATAKA (29),Total,In-Movement,15-59,189449,121036,68413,77250,61004,16246,96499,50064,46435
29,State - KARNATAKA (29),Total,In-Movement,60+,48648,29814,18834,9064,7587,1477,37522,20903,16619
29,State - KARNATAKA (29),Total,In-Movement,Age not stated,160,91,69,35,25,10,121,65,56
29,State - KARNATAKA (29),Total,Mental-Retardation,Total,93974,49501,44473,15322,10631,4691,74510,36826,37684
29,State - KARNATAKA (29),Total,Mental-Retardation,0-14,25320,13952,11368,383,218,165,24658,13576,11082
29,State - KARNATAKA (29),Total,Mental-Retardation,15-59,63504,33089,30415,13934,9716,4218,45972,21609,24363
29,State - KARNATAKA (29),Total,Mental-Retardation,60+,5073,2409,2664,995,691,304,3816,1599,2217
29,State - KARNATAKA (29),Total,Mental-Retardation,Age not stated,77,51,26,10,6,4,64,42,22
29,State - KARNATAKA (29),Total,Mental-Illness,Total,20913,10828,10085,3149,2171,978,16611,8059,8552
29,State - KARNATAKA (29),Total,Mental-Illness,0-14,1986,1104,882,38,24,14,1917,1066,851
29,State - KARNATAKA (29),Total,Mental-Illness,15-59,16327,8521,7806,2834,1952,882,12486,6039,6447
29,State - KARNATAKA (29),Total,Mental-Illness,60+,2586,1196,1390,275,194,81,2196,948,1248
29,State - KARNATAKA (29),Total,Mental-Illness,Age not stated,14,7,7,2,1,1,12,6,6
29,State - KARNATAKA (29),Total,Any-Other,Total,246721,133079,113642,90321,65376,24945,135754,57299,78455
29,State - KARNATAKA (29),Total,Any-Other,0-14,56306,29404,26902,1232,722,510,53909,28120,25789
29,State - KARNATAKA (29),Total,Any-Other,15-59,159322,87500,71822,79648,57611,22037,62373,21166,41207
29,State - KARNATAKA (29),Total,Any-Other,60+,30737,15975,14762,9343,6972,2371,19246,7903,11343
29,State - KARNATAKA (29),Total,Any-Other,Age not stated,356,200,156,98,71,27,226,110,116
29,State - KARNATAKA (29),Total,Multiple-Disability,Total,100013,55532,44481,14315,10456,3859,81563,42796,38767
29,State - KARNATAKA (29),Total,Multiple-Disability,0-14,29041,16744,12297,292,181,111,28539,16441,12098
29,State - KARNATAKA (29),Total,Multiple-Disability,15-59,52616,29926,22690,11856,8673,3183,37544,19455,18089
29,State - KARNATAKA (29),Total,Multiple-Disability,60+,18271,8818,9453,2160,1595,565,15408,6867,8541
29,State - KARNATAKA (29),Rural,Total,Total,792694,438605,354089,239972,171435,68537,488734,235930,252804
29,State - KARNATAKA (29),Rural,Total,0-14,160275,88727,71548,3149,1862,1287,155040,85795,69245
29,State - KARNATAKA (29),Rural,Total,15-59,476842,271934,204908,201335,143238,58097,223122,103195,119927
29,State - KARNATAKA (29),Rural,Total,60+,154886,77575,77311,35343,26245,9098,110067,46684,63383
29,State - KARNATAKA (29),Rural,Total,Age not stated,691,369,322,145,90,55,505,256,249
29,State - KARNATAKA (29),Rural,In-Seeing,Total,139405,69266,70139,41776,28473,13303,85932,35690,50242
29,State - KARNATAKA (29),Rural,In-Seeing,0-14,23331,12548,10783,493,295,198,22496,12093,10403
29,State - KARNATAKA (29),Rural,In-Seeing,15-59,66593,35551,31042,31107,21149,9958,27214,10829,16385
29,State - KARNATAKA (29),Rural,In-Seeing,60+,49362,21108,28254,10142,7010,3132,36149,12737,23412
29,State - KARNATAKA (29),Rural,In-Seeing,Age not stated,119,59,60,34,19,15,73,31,42
29,State - KARNATAKA (29),Rural,In-Hearing,Total,120294,62341,57953,44612,30320,14292,62912,26580,36332
29,State - KARNATAKA (29),Rural,In-Hearing,0-14,24605,12769,11836,687,370,317,23475,12178,11297
29,State - KARNATAKA (29),Rural,In-Hearing,15-59,69128,36751,32377,36500,24441,12059,22329,8018,14311
29,State - KARNATAKA (29),Rural,In-Hearing,60+,26445,12768,13677,7400,5500,1900,17024,6342,10682
29,State - KARNATAKA (29),Rural,In-Hearing,Age not stated,116,53,63,25,9,16,84,42,42
29,State - KARNATAKA (29),Rural,In-Speech,Total,60633,33680,26953,19848,14053,5795,35334,17109,18225
29,State - KARNATAKA (29),Rural,In-Speech,0-14,17080,9940,7140,386,237,149,16409,9551,6858
29,State - KARNATAKA (29),Rural,In-Speech,15-59,38728,21095,17633,17883,12655,5228,16038,6257,9781
29,State - KARNATAKA (29),Rural,In-Speech,60+,4785,2623,2162,1573,1157,416,2855,1285,1570
29,State - KARNATAKA (29),Rural,In-Speech,Age not stated,40,22,18,6,4,2,32,16,16
29,State - KARNATAKA (29),Rural,In-Movement,Total,195850,124089,71761,61727,48687,13040,119829,66614,53215
29,State - KARNATAKA (29),Rural,In-Movement,0-14,25142,15077,10065,383,249,134,24529,14688,9841
29,State - KARNATAKA (29),Rural,In-Movement,15-59,134686,86881,47805,54226,42492,11734,68085,36787,31298
29,State - KARNATAKA (29),Rural,In-Movement,60+,35900,22063,13837,7091,5928,1163,27124,15090,12034
29,State - KARNATAKA (29),Rural,In-Movement,Age not stated,122,68,54,27,18,9,91,49,42
29,State - KARNATAKA (29),Rural,Mental-Retardation,Total,59116,30810,28306,9106,5941,3165,47062,23520,23542
29,State - KARNATAKA (29),Rural,Mental-Retardation,0-14,16780,9263,7517,264,151,113,16359,9027,7332
29,State - KARNATAKA (29),Rural,Mental-Retardation,15-59,39185,20076,19109,8192,5359,2833,28378,13527,14851
29,State - KARNATAKA (29),Rural,Mental-Retardation,60+,3101,1436,1665,647,428,219,2279,935,1344
29,State - KARNATAKA (29),Rural,Mental-Illness,Total,13225,6698,6527,2124,1380,744,10197,4874,5323
29,State - KARNATAKA (29),Rural,Mental-Illness,0-14,1093,610,483,24,15,9,1049,589,460
29,State - KARNATAKA (29),Rural,Mental-Illness,15-59,10437,5294,5143,1907,1231,676,7730,3666,4064
29,State - KARNATAKA (29),Rural,Mental-Illness,60+,1688,790,898,192,133,59,1412,616,796
29,State - KARNATAKA (29),Rural,Any-Other,Total,135183,73633,61550,51190,35695,15495,71161,31945,39216
29,State - KARNATAKA (29),Rural,Any-Other,0-14,31904,16719,15185,714,415,299,30717,16077,14640
29,State - KARNATAKA (29),Rural,Any-Other,15-59,83418,46595,36823,43815,30389,13426,28766,11182,17584
29,State - KARNATAKA (29),Rural,Any-Other,60+,19686,10220,9466,6615,4858,1757,11559,4625,6934
29,State - KARNATAKA (29),Rural,Any-Other,Age not stated,175,99,76,46,33,13,119,61,58
29,State - KARNATAKA (29),Rural,Multiple-Disability,Total,68988,38088,30900,9589,6886,2703,56307,29598,26709
29,State - KARNATAKA (29),Rural,Multiple-Disability,0-14,20340,11801,8539,198,130,68,20006,11592,8414
29,State - KARNATAKA (29),Rural,Multiple-Disability,15-59,34667,19691,14976,7705,5522,2183,24582,12929,11653
29,State - KARNATAKA (29),Rural,Multiple-Disability,60+,13919,6567,7352,1683,1231,452,11665,5054,6611
29,State - KARNATAKA (29),Urban,Total,Total,531511,287916,243595,170299,129636,40663,331569,140727,190842
29,State - KARNATAKA (29),Urban,Total,0-14,108361,57797,50564,2599,1517,1082,103336,55018,48318
29,State - KARNATAKA (29),Urban,Total,15-59,357525,196134,161391,154734,118013,36721,178455,63514,114941
29,State - KARNATAKA (29),Urban,Total,60+,64782,33512,31270,12695,9926,2769,49279,21947,27332
29,State - KARNATAKA (29),Urban,Total,Age not stated,843,473,370,271,180,91,499,248,251
29,State - KARNATAKA (29),Urban,In-Seeing,Total,124765,64643,60122,43884,32967,10917,74487,27980,46507
29,State - KARNATAKA (29),Urban,In-Seeing,0-14,25921,13507,12414,565,347,218,24704,12798,11906
29,State - KARNATAKA (29),Urban,In-Seeing,15-59,81008,42765,38243,39805,29906,9899,36161,9903,26258
29,State - KARNATAKA (29),Urban,In-Seeing,60+,17693,8285,9408,3466,2681,785,13535,5230,8305
29,State - KARNATAKA (29),Urban,In-Seeing,Age not stated,143,86,57,48,33,15,87,49,38
29,State - KARNATAKA (29),Urban,In-Hearing,Total,115397,60344,55053,41380,30943,10437,66488,25178,41310
29,State - KARNATAKA (29),Urban,In-Hearing,0-14,24088,12349,11739,1040,575,465,22352,11443,10909
29,State - KARNATAKA (29),Urban,In-Hearing,15-59,77311,41018,36293,37138,27912,9226,34121,9657,24464
29,State - KARNATAKA (29),Urban,In-Hearing,60+,13616,6766,6850,3060,2365,695,9810,3979,5831
29,State - KARNATAKA (29),Urban,In-Hearing,Age not stated,382,211,171,142,91,51,205,99,106
29,State - KARNATAKA (29),Urban,In-Speech,Total,30108,16168,13940,8797,6728,2069,19671,8439,11232
29,State - KARNATAKA (29),Urban,In-Speech,0-14,7233,4009,3224,114,73,41,7018,3878,3140
29,State - KARNATAKA (29),Urban,In-Speech,15-59,20381,10816,9565,8114,6232,1882,10840,3712,7128
29,State - KARNATAKA (29),Urban,In-Speech,60+,2452,1325,1127,560,419,141,1785,838,947
29,State - KARNATAKA (29),Urban,In-Speech,Age not stated,42,18,24,9,4,5,28,11,17
29,State - KARNATAKA (29),Urban,In-Movement,Total,76132,47050,29082,25140,20266,4874,47212,24087,23125
29,State - KARNATAKA (29),Urban,In-Movement,0-14,8583,5121,3462,135,88,47,8370,4981,3389
29,State - KARNATAKA (29),Urban,In-Movement,15-59,54763,34155,20608,23024,18512,4512,28414,13277,15137
29,State - KARNATAKA (29),Urban,In-Movement,60+,12748,7751,4997,1973,1659,314,10398,5813,4585
29,State - KARNATAKA (29),Urban,In-Movement,Age not stated,38,23,15,8,7,1,30,16,14
29,State - KARNATAKA (29),Urban,Mental-Retardation,Total,34858,18691,16167,6216,4690,1526,27448,13306,14142
29,State - KARNATAKA (29),Urban,Mental-Retardation,0-14,8540,4689,3851,119,67,52,8299,4549,3750
29,State - KARNATAKA (29),Urban,Mental-Retardation,15-59,24319,13013,11306,5742,4357,1385,17594,8082,9512
29,State - KARNATAKA (29),Urban,Mental-Retardation,60+,1972,973,999,348,263,85,1537,664,873
29,State - KARNATAKA (29),Urban,Mental-Retardation,Age not stated,27,16,11,7,3,4,18,11,7
29,State - KARNATAKA (29),Urban,Mental-Illness,Total,7688,4130,3558,1025,791,234,6414,3185,3229
29,State - KARNATAKA (29),Urban,Mental-Illness,0-14,893,494,399,14,9,5,868,477,391
29,State - KARNATAKA (29),Urban,Mental-Illness,15-59,5890,3227,2663,927,721,206,4756,2373,2383
29,State - KARNATAKA (29),Urban,Mental-Illness,60+,898,406,492,83,61,22,784,332,452
29,State - KARNATAKA (29),Urban,Any-Other,Total,111538,59446,52092,39131,29681,9450,64593,25354,39239
29,State - KARNATAKA (29),Urban,Any-Other,0-14,24402,12685,11717,518,307,211,23192,12043,11149
29,State - KARNATAKA (29),Urban,Any-Other,15-59,75904,40905,34999,35833,27222,8611,33607,9984,23623
29,State - KARNATAKA (29),Urban,Any-Other,60+,11051,5755,5296,2728,2114,614,7687,3278,4409
29,State - KARNATAKA (29),Urban,Any-Other,Age not stated,181,101,80,52,38,14,107,49,58
29,State - KARNATAKA (29),Urban,Multiple-Disability,Total,31025,17444,13581,4726,3570,1156,25256,13198,12058
29,State - KARNATAKA (29),Urban,Multiple-Disability,0-14,8701,4943,3758,94,51,43,8533,4849,3684
29,State - KARNATAKA (29),Urban,Multiple-Disability,15-59,17949,10235,7714,4151,3151,1000,12962,6526,6436
29,State - KARNATAKA (29),Urban,Multiple-Disability,60+,4352,2251,2101,477,364,113,3743,1813,1930
30,State - GOA (30),Total,Total,Total,33012,17016,15996,7424,5506,1918,23507,10257,13250
30,State - GOA (30),Total,Total,0-14,4117,2168,1949,119,68,51,3942,2074,1868
30,State - GOA (30),Total,Total,15-59,19573,10677,8896,6395,4812,1583,11501,4864,6637
30,State - GOA (30),Total,Total,60+,9234,4131,5103,883,609,274,8006,3298,4708
30,State - GOA (30),Total,Total,Age not stated,88,40,48,27,17,10,58,21,37
30,State - GOA (30),Total,In-Seeing,Total,4964,2350,2614,1228,928,300,3339,1204,2135
30,State - GOA (30),Total,In-Seeing,0-14,483,247,236,12,7,5,460,236,224
30,State - GOA (30),Total,In-Seeing,15-59,2659,1339,1320,1017,775,242,1355,415,940
30,State - GOA (30),Total,In-Seeing,60+,1811,760,1051,196,145,51,1517,551,966
30,State - GOA (30),Total,In-Seeing,Age not stated,11,4,7,3,1,2,7,2,5
30,State - GOA (30),Total,In-Hearing,Total,5347,2621,2726,1364,1048,316,3635,1367,2268
30,State - GOA (30),Total,In-Hearing,0-14,698,324,374,24,16,8,662,302,360
30,State - GOA (30),Total,In-Hearing,15-59,2905,1559,1346,1162,906,256,1478,497,981
30,State - GOA (30),Total,In-Hearing,60+,1726,733,993,175,125,50,1481,564,917
30,State - GOA (30),Total,In-Hearing,Age not stated,18,5,13,3,1,2,14,4,10
30,State - GOA (30),Total,In-Speech,Total,5272,2807,2465,1822,1340,482,3026,1191,1835
30,State - GOA (30),Total,In-Speech,0-14,716,382,334,37,23,14,674,356,318
30,State - GOA (30),Total,In-Speech,15-59,3756,2023,1733,1635,1210,425,1755,577,1178
30,State - GOA (30),Total,In-Speech,60+,781,392,389,138,99,39,590,256,334
30,State - GOA (30),Total,In-Speech,Age not stated,19,10,9,12,8,4,7,2,5
30,State - GOA (30),Total,In-Movement,Total,5578,3153,2425,993,741,252,4339,2240,2099
30,State - GOA (30),Total,In-Movement,0-14,263,150,113,6,4,2,254,144,110
30,State - GOA (30),Total,In-Movement,15-59,2883,1844,1039,833,646,187,1853,1059,794
30,State - GOA (30),Total,In-Movement,60+,2425,1156,1269,154,91,63,2225,1034,1191
30,State - GOA (30),Total,Mental-Retardation,Total,1817,965,852,174,122,52,1594,817,777
30,State - GOA (30),Total,Mental-Retardation,0-14,396,218,178,7,4,3,385,212,173
30,State - GOA (30),Total,Mental-Retardation,15-59,1272,678,594,155,114,41,1074,541,533
30,State - GOA (30),Total,Mental-Retardation,60+,149,69,80,12,4,8,135,64,71
30,State - GOA (30),Total,Mental-Illness,Total,1675,875,800,115,77,38,1492,752,740
30,State - GOA (30),Total,Mental-Illness,15-59,1248,679,569,89,62,27,1102,580,522
30,State - GOA (30),Total,Mental-Illness,60+,304,127,177,23,14,9,272,105,167
30,State - GOA (30),Total,Mental-Illness,Age not stated,6,2,4,3,1,2,3,1,2
30,State - GOA (30),Total,Any-Other,Total,5784,2933,2851,1483,1079,404,3852,1608,2244
30,State - GOA (30),Total,Any-Other,0-14,1060,557,503,21,8,13,1024,543,481
30,State - GOA (30),Total,Any-Other,15-59,3566,1829,1737,1328,969,359,1854,649,1205
30,State - GOA (30),Total,Any-Other,60+,1141,537,604,130,98,32,962,411,551
30,State - GOA (30),Total,Multiple-Disability,Total,2575,1312,1263,245,171,74,2230,1078,1152
30,State - GOA (30),Total,Multiple-Disability,0-14,384,223,161,12,6,6,368,215,153
30,State - GOA (30),Total,Multiple-Disability,15-59,1284,726,558,176,130,46,1030,546,484
30,State - GOA (30),Total,Multiple-Disability,60+,897,357,540,55,33,22,824,313,511
30,State - GOA (30),Rural,Total,Total,14622,7479,7143,2893,2149,744,10556,4607,5949
30,State - GOA (30),Rural,Total,0-14,1699,904,795,53,29,24,1631,867,764
30,State - GOA (30),Rural,Total,15-59,8492,4602,3890,2444,1852,592,5109,2184,2925
30,State - GOA (30),Rural,Total,60+,4397,1955,2442,385,263,122,3794,1544,2250
30,State - GOA (30),Rural,Total,Age not stated,34,18,16,11,5,6,22,12,10
30,State - GOA (30),Rural,In-Seeing,Total,2418,1138,1280,518,401,117,1649,591,1058
30,State - GOA (30),Rural,In-Seeing,0-14,194,101,93,5,2,3,188,99,89
30,State - GOA (30),Rural,In-Seeing,15-59,1217,612,605,415,325,90,624,188,436
30,State - GOA (30),Rural,In-Seeing,60+,1004,424,580,97,74,23,835,303,532
30,State - GOA (30),Rural,In-Hearing,Total,2272,1072,1200,492,373,119,1586,584,1002
30,State - GOA (30),Rural,In-Hearing,0-14,280,139,141,9,6,3,266,130,136
30,State - GOA (30),Rural,In-Hearing,15-59,1150,593,557,409,319,90,600,195,405
30,State - GOA (30),Rural,In-Hearing,60+,837,339,498,73,48,25,716,258,458
30,State - GOA (30),Rural,In-Speech,Total,2148,1119,1029,684,498,186,1240,483,757
30,State - GOA (30),Rural,In-Speech,0-14,285,148,137,16,11,5,265,135,130
30,State - GOA (30),Rural,In-Speech,15-59,1543,815,728,616,453,163,734,245,489
30,State - GOA (30),Rural,In-Speech,60+,317,155,162,50,34,16,240,102,138
30,State - GOA (30),Rural,In-Movement,Total,2446,1418,1028,398,292,106,1915,1026,889
30,State - GOA (30),Rural,In-Movement,0-14,113,69,44,3,2,1,109,66,43
30,State - GOA (30),Rural,In-Movement,15-59,1292,836,456,332,258,74,853,498,355
30,State - GOA (30),Rural,In-Movement,60+,1036,510,526,63,32,31,948,459,489
30,State - GOA (30),Rural,Mental-Retardation,Total,793,418,375,78,53,25,692,353,339
30,State - GOA (30),Rural,Mental-Retardation,0-14,190,100,90,4,3,1,185,97,88
30,State - GOA (30),Rural,Mental-Retardation,15-59,530,285,245,67,48,19,442,225,217
30,State - GOA (30),Rural,Mental-Retardation,60+,73,33,40,7,2,5,65,31,34
30,State - GOA (30),Rural,Mental-Illness,Total,764,404,360,49,37,12,674,339,335
30,State - GOA (30),Rural,Mental-Illness,15-59,580,315,265,34,26,8,507,263,244
30,State - GOA (30),Rural,Mental-Illness,60+,133,58,75,12,10,2,119,46,73
30,State - GOA (30),Rural,Any-Other,Total,2553,1312,1241,553,412,141,1754,753,1001
30,State - GOA (30),Rural,Any-Other,0-14,451,241,210,11,2,9,437,237,200
30,State - GOA (30),Rural,Any-Other,15-59,1559,813,746,486,364,122,864,326,538
30,State - GOA (30),Rural,Any-Other,60+,534,251,283,54,44,10,447,186,261
30,State - GOA (30),Rural,Multiple-Disability,Total,1228,598,630,121,83,38,1046,478,568
30,State - GOA (30),Rural,Multiple-Disability,0-14,139,77,62,5,3,2,134,74,60
30,State - GOA (30),Rural,Multiple-Disability,15-59,621,333,288,85,59,26,485,244,241
30,State - GOA (30),Rural,Multiple-Disability,60+,463,185,278,29,19,10,424,159,265
30,State - GOA (30),Urban,Total,Total,18390,9537,8853,4531,3357,1174,12951,5650,7301
30,State - GOA (30),Urban,Total,0-14,2418,1264,1154,66,39,27,2311,1207,1104
30,State - GOA (30),Urban,Total,15-59,11081,6075,5006,3951,2960,991,6392,2680,3712
30,State - GOA (30),Urban,Total,60+,4837,2176,2661,498,346,152,4212,1754,2458
30,State - GOA (30),Urban,Total,Age not stated,54,22,32,16,12,4,36,9,27
30,State - GOA (30),Urban,In-Seeing,Total,2546,1212,1334,710,527,183,1690,613,1077
30,State - GOA (30),Urban,In-Seeing,0-14,289,146,143,7,5,2,272,137,135
30,State - GOA (30),Urban,In-Seeing,15-59,1442,727,715,602,450,152,731,227,504
30,State - GOA (30),Urban,In-Seeing,60+,807,336,471,99,71,28,682,248,434
30,State - GOA (30),Urban,In-Seeing,Age not stated,8,3,5,2,1,1,5,1,4
30,State - GOA (30),Urban,In-Hearing,Total,3075,1549,1526,872,675,197,2049,783,1266
30,State - GOA (30),Urban,In-Hearing,0-14,418,185,233,15,10,5,396,172,224
30,State - GOA (30),Urban,In-Hearing,15-59,1755,966,789,753,587,166,878,302,576
30,State - GOA (30),Urban,In-Hearing,60+,889,394,495,102,77,25,765,306,459
30,State - GOA (30),Urban,In-Hearing,Age not stated,13,4,9,2,1,1,10,3,7
30,State - GOA (30),Urban,In-Speech,Total,3124,1688,1436,1138,842,296,1786,708,1078
30,State - GOA (30),Urban,In-Speech,0-14,431,234,197,21,12,9,409,221,188
30,State - GOA (30),Urban,In-Speech,15-59,2213,1208,1005,1019,757,262,1021,332,689
30,State - GOA (30),Urban,In-Speech,60+,464,237,227,88,65,23,350,154,196
30,State - GOA (30),Urban,In-Speech,Age not stated,16,9,7,10,8,2,6,1,5
30,State - GOA (30),Urban,In-Movement,Total,3132,1735,1397,595,449,146,2424,1214,1210
30,State - GOA (30),Urban,In-Movement,0-14,150,81,69,3,2,1,145,78,67
30,State - GOA (30),Urban,In-Movement,15-59,1591,1008,583,501,388,113,1000,561,439
30,State - GOA (30),Urban,In-Movement,60+,1389,646,743,91,59,32,1277,575,702
30,State - GOA (30),Urban,Mental-Retardation,Total,1024,547,477,96,69,27,902,464,438
30,State - GOA (30),Urban,Mental-Retardation,0-14,206,118,88,3,1,2,200,115,85
30,State - GOA (30),Urban,Mental-Retardation,15-59,742,393,349,88,66,22,632,316,316
30,State - GOA (30),Urban,Mental-Retardation,60+,76,36,40,5,2,3,70,33,37
30,State - GOA (30),Urban,Mental-Illness,Total,911,471,440,66,40,26,818,413,405
30,State - GOA (30),Urban,Mental-Illness,15-59,668,364,304,55,36,19,595,317,278
30,State - GOA (30),Urban,Mental-Illness,60+,171,69,102,11,4,7,153,59,94
30,State - GOA (30),Urban,Any-Other,Total,3231,1621,1610,930,667,263,2098,855,1243
30,State - GOA (30),Urban,Any-Other,0-14,609,316,293,10,6,4,587,306,281
30,State - GOA (30),Urban,Any-Other,15-59,2007,1016,991,842,605,237,990,323,667
30,State - GOA (30),Urban,Any-Other,60+,607,286,321,76,54,22,515,225,290
30,State - GOA (30),Urban,Multiple-Disability,Total,1347,714,633,124,88,36,1184,600,584
30,State - GOA (30),Urban,Multiple-Disability,0-14,245,146,99,7,3,4,234,141,93
30,State - GOA (30),Urban,Multiple-Disability,15-59,663,393,270,91,71,20,545,302,243
30,State - GOA (30),Urban,Multiple-Disability,60+,434,172,262,26,14,12,400,154,246
31,State - LAKSHADWEEP (31),Total,Total,Total,1615,838,777,162,137,25,1294,579,715
31,State - LAKSHADWEEP (31),Total,Total,15-59,1032,550,482,154,130,24,732,306,426
31,State - LAKSHADWEEP (31),Total,In-Seeing,Total,337,149,188,43,35,8,261,90,171
31,State - LAKSHADWEEP (31),Total,In-Seeing,15-59,194,84,110,41,33,8,126,30,96
31,State - LAKSHADWEEP (31),Total,In-Hearing,Total,224,105,119,16,15,1,184,74,110
31,State - LAKSHADWEEP (31),Total,In-Hearing,15-59,136,68,68,15,14,1,98,39,59
31,State - LAKSHADWEEP (31),Total,In-Movement,Total,361,210,151,50,39,11,265,133,132
31,State - LAKSHADWEEP (31),Total,In-Movement,15-59,226,141,85,47,36,11,139,71,68
31,State - LAKSHADWEEP (31),Total,Mental-Retardation,Total,112,75,37,3,2,1,100,65,35
31,State - LAKSHADWEEP (31),Total,Any-Other,Total,183,100,83,28,24,4,142,67,75
31,State - LAKSHADWEEP (31),Total,Any-Other,15-59,122,65,57,28,24,4,81,32,49
31,State - LAKSHADWEEP (31),Rural,Total,Total,396,188,208,55,47,8,300,113,187
31,State - LAKSHADWEEP (31),Rural,Total,15-59,235,113,122,51,44,7,151,45,106
31,State - LAKSHADWEEP (31),Rural,In-Seeing,Total,104,45,59,22,17,5,69,19,50
31,State - LAKSHADWEEP (31),Rural,In-Seeing,15-59,60,27,33,20,15,5,31,4,27
31,State - LAKSHADWEEP (31),Rural,In-Movement,Total,79,44,35,11,9,2,59,29,30
31,State - LAKSHADWEEP (31),Rural,In-Movement,15-59,36,20,16,10,8,2,21,9,12
31,State - LAKSHADWEEP (31),Urban,Total,Total,1219,650,569,107,90,17,994,466,528
31,State - LAKSHADWEEP (31),Urban,Total,15-59,797,437,360,103,86,17,581,261,320
31,State - LAKSHADWEEP (31),Urban,In-Seeing,Total,233,104,129,21,18,3,192,71,121
31,State - LAKSHADWEEP (31),Urban,In-Seeing,15-59,134,57,77,21,18,3,95,26,69
31,State - LAKSHADWEEP (31),Urban,In-Hearing,Total,177,83,94,12,11,1,146,58,88
31,State - LAKSHADWEEP (31),Urban,In-Hearing,15-59,106,54,52,11,10,1,77,31,46
31,State - LAKSHADWEEP (31),Urban,In-Movement,Total,282,166,116,39,30,9,206,104,102
31,State - LAKSHADWEEP (31),Urban,In-Movement,15-59,190,121,69,37,28,9,118,62,56
31,State - LAKSHADWEEP (31),Urban,Any-Other,Total,148,84,64,20,16,4,118,61,57
31,State - LAKSHADWEEP (31),Urban,Any-Other,15-59,94,52,42,20,16,4,64,29,35
32,State - KERALA (32),Total,Total,Total,761843,394706,367137,129744,103082,26662,582149,258700,323449
32,State - KERALA (32),Total,Total,0-14,82558,46614,35944,370,238,132,81805,46162,35643
32,State - KERALA (32),Total,Total,15-59,452687,246063,206624,110195,87365,22830,302321,132184,170137
32,State - KERALA (32),Total,Total,60+,224855,101198,123657,19032,15367,3665,196492,79671,116821
32,State - KERALA (32),Total,Total,Age not stated,1743,831,912,147,112,35,1531,683,848
32,State - KERALA (32),Total,In-Seeing,Total,115513,53167,62346,22636,17551,5085,84046,30416,53630
32,State - KERALA (32),Total,In-Seeing,0-14,9225,4988,4237,53,37,16,9121,4925,4196
32,State - KERALA (32),Total,In-Seeing,15-59,52266,26358,25908,17146,13252,3894,29001,9565,19436
32,State - KERALA (32),Total,In-Seeing,60+,53926,21774,32152,5416,4248,1168,45854,15896,29958
32,State - KERALA (32),Total,In-Seeing,Age not stated,96,47,49,21,14,7,70,30,40
32,State - KERALA (32),Total,In-Hearing,Total,105366,48087,57279,22085,16709,5376,74794,26554,48240
32,State - KERALA (32),Total,In-Hearing,0-14,13348,7023,6325,113,71,42,13117,6882,6235
32,State - KERALA (32),Total,In-Hearing,15-59,53324,25207,28117,18169,13665,4504,28661,7956,20705
32,State - KERALA (32),Total,In-Hearing,60+,38441,15744,22697,3761,2941,820,32826,11642,21184
32,State - KERALA (32),Total,In-Hearing,Age not stated,253,113,140,42,32,10,190,74,116
32,State - KERALA (32),Total,In-Speech,Total,41346,22319,19027,9539,7616,1923,28553,12548,16005
32,State - KERALA (32),Total,In-Speech,0-14,7509,4463,3046,28,15,13,7443,4429,3014
32,State - KERALA (32),Total,In-Speech,15-59,27354,14402,12952,8633,6870,1763,15888,5658,10230
32,State - KERALA (32),Total,In-Speech,60+,6405,3421,2984,867,724,143,5160,2437,2723
32,State - KERALA (32),Total,In-Speech,Age not stated,78,33,45,11,7,4,62,24,38
32,State - KERALA (32),Total,In-Movement,Total,171630,100894,70736,37538,31000,6538,122767,61488,61279
32,State - KERALA (32),Total,In-Movement,0-14,10060,6056,4004,40,29,11,9995,6011,3984
32,State - KERALA (32),Total,In-Movement,15-59,104820,64601,40219,33121,27192,5929,62217,30388,31829
32,State - KERALA (32),Total,In-Movement,60+,56582,30148,26434,4356,3759,597,50418,25025,25393
32,State - KERALA (32),Total,In-Movement,Age not stated,168,89,79,21,20,1,137,64,73
32,State - KERALA (32),Total,Mental-Retardation,Total,65709,35614,30095,2671,2171,500,61161,32014,29147
32,State - KERALA (32),Total,Mental-Retardation,0-14,12084,7175,4909,29,22,7,12018,7130,4888
32,State - KERALA (32),Total,Mental-Retardation,15-59,49870,26789,23081,2470,2024,446,45667,23432,22235
32,State - KERALA (32),Total,Mental-Retardation,60+,3646,1582,2064,168,123,45,3375,1390,1985
32,State - KERALA (32),Total,Mental-Retardation,Age not stated,109,68,41,4,2,2,101,62,39
32,State - KERALA (32),Total,Mental-Illness,Total,66915,33819,33096,5579,4552,1027,57486,26406,31080
32,State - KERALA (32),Total,Mental-Illness,15-59,51595,27897,23698,5018,4122,896,43130,21188,21942
32,State - KERALA (32),Total,Mental-Illness,60+,13990,5318,8672,549,420,129,13045,4631,8414
32,State - KERALA (32),Total,Mental-Illness,Age not stated,618,222,396,8,6,2,605,211,394
32,State - KERALA (32),Total,Any-Other,Total,96131,49498,46633,20762,16058,4704,67029,28225,38804
32,State - KERALA (32),Total,Any-Other,0-14,15203,8280,6923,77,48,29,15042,8188,6854
32,State - KERALA (32),Total,Any-Other,15-59,58384,30511,27873,18100,13939,4161,33390,12309,21081
32,State - KERALA (32),Total,Any-Other,60+,22307,10582,11725,2551,2045,506,18405,7637,10768
32,State - KERALA (32),Total,Any-Other,Age not stated,237,125,112,34,26,8,192,91,101
32,State - KERALA (32),Total,Multiple-Disability,Total,99233,51308,47925,8934,7425,1509,86313,41049,45264
32,State - KERALA (32),Total,Multiple-Disability,0-14,14417,8247,6170,26,12,14,14363,8221,6142
32,State - KERALA (32),Total,Multiple-Disability,15-59,55074,30298,24776,7538,6301,1237,44367,21688,22679
32,State - KERALA (32),Total,Multiple-Disability,60+,29558,12629,16929,1364,1107,257,27409,11013,16396
32,State - KERALA (32),Total,Multiple-Disability,Age not stated,184,134,50,6,5,1,174,127,47
32,State - KERALA (32),Rural,Total,Total,414875,215752,199123,70545,55736,14809,314092,140521,173571
32,State - KERALA (32),Rural,Total,0-14,44468,25216,19252,178,117,61,44056,24974,19082
32,State - KERALA (32),Rural,Total,15-59,244906,133372,111534,59075,46455,12620,161748,71455,90293
32,State - KERALA (32),Rural,Total,60+,124525,56693,67832,11209,9100,2109,107431,43704,63727
32,State - KERALA (32),Rural,Total,Age not stated,976,471,505,83,64,19,857,388,469
32,State - KERALA (32),Rural,In-Seeing,Total,63409,29155,34254,12547,9587,2960,45365,16391,28974
32,State - KERALA (32),Rural,In-Seeing,0-14,4873,2639,2234,31,23,8,4815,2604,2211
32,State - KERALA (32),Rural,In-Seeing,15-59,28300,14152,14148,9229,6993,2236,15289,5044,10245
32,State - KERALA (32),Rural,In-Seeing,60+,30195,12343,17852,3280,2566,714,25229,8728,16501
32,State - KERALA (32),Rural,In-Seeing,Age not stated,41,21,20,7,5,2,32,15,17
32,State - KERALA (32),Rural,In-Hearing,Total,56110,25617,30493,11861,8901,2960,39031,13804,25227
32,State - KERALA (32),Rural,In-Hearing,0-14,6817,3575,3242,45,30,15,6694,3501,3193
32,State - KERALA (32),Rural,In-Hearing,15-59,27713,13126,14587,9552,7078,2474,14233,3926,10307
32,State - KERALA (32),Rural,In-Hearing,60+,21405,8832,12573,2236,1771,465,17972,6321,11651
32,State - KERALA (32),Rural,In-Hearing,Age not stated,175,84,91,28,22,6,132,56,76
32,State - KERALA (32),Rural,In-Speech,Total,22534,12267,10267,5285,4175,1110,15277,6818,8459
32,State - KERALA (32),Rural,In-Speech,0-14,4195,2521,1674,16,9,7,4152,2498,1654
32,State - KERALA (32),Rural,In-Speech,15-59,14890,7885,7005,4757,3732,1025,8448,3072,5376
32,State - KERALA (32),Rural,In-Speech,60+,3409,1843,1566,506,430,76,2648,1236,1412
32,State - KERALA (32),Rural,In-Speech,Age not stated,40,18,22,6,4,2,29,12,17
32,State - KERALA (32),Rural,In-Movement,Total,93297,55511,37786,19820,16400,3420,66796,34175,32621
32,State - KERALA (32),Rural,In-Movement,0-14,5630,3447,2183,18,12,6,5599,3426,2173
32,State - KERALA (32),Rural,In-Movement,15-59,57099,35567,21532,17357,14267,3090,34139,17167,16972
32,State - KERALA (32),Rural,In-Movement,60+,30474,16451,14023,2432,2109,323,26982,13550,13432
32,State - KERALA (32),Rural,In-Movement,Age not stated,94,46,48,13,12,1,76,32,44
32,State - KERALA (32),Rural,Mental-Retardation,Total,35170,18926,16244,1575,1263,312,32465,16810,15655
32,State - KERALA (32),Rural,Mental-Retardation,0-14,6552,3913,2639,16,10,6,6512,3889,2623
32,State - KERALA (32),Rural,Mental-Retardation,15-59,26572,14096,12476,1453,1173,280,24081,12137,11944
32,State - KERALA (32),Rural,Mental-Retardation,60+,1985,880,1105,102,78,24,1816,750,1066
32,State - KERALA (32),Rural,Mental-Retardation,Age not stated,61,37,24,4,2,2,56,34,22
32,State - KERALA (32),Rural,Mental-Illness,Total,37432,18941,18491,3310,2663,647,31896,14680,17216
32,State - KERALA (32),Rural,Mental-Illness,15-59,28805,15471,13334,2972,2402,570,23864,11639,12225
32,State - KERALA (32),Rural,Mental-Illness,60+,7861,3092,4769,332,257,75,7275,2670,4605
32,State - KERALA (32),Rural,Mental-Illness,Age not stated,391,173,218,4,2,2,385,169,216
32,State - KERALA (32),Rural,Any-Other,Total,52351,27088,25263,11202,8648,2554,36027,15324,20703
32,State - KERALA (32),Rural,Any-Other,0-14,8115,4411,3704,37,24,13,8032,4365,3667
32,State - KERALA (32),Rural,Any-Other,15-59,31752,16659,15093,9652,7406,2246,17888,6750,11138
32,State - KERALA (32),Rural,Any-Other,60+,12365,5954,6411,1494,1203,291,10011,4164,5847
32,State - KERALA (32),Rural,Any-Other,Age not stated,119,64,55,19,15,4,96,45,51
32,State - KERALA (32),Rural,Multiple-Disability,Total,54572,28247,26325,4945,4099,846,47235,22519,24716
32,State - KERALA (32),Rural,Multiple-Disability,0-14,7911,4505,3406,13,7,6,7880,4489,3391
32,State - KERALA (32),Rural,Multiple-Disability,15-59,29775,16416,13359,4103,3404,699,23806,11720,12086
32,State - KERALA (32),Rural,Multiple-Disability,60+,16831,7298,9533,827,686,141,15498,6285,9213
32,State - KERALA (32),Urban,Total,Total,346968,178954,168014,59199,47346,11853,268057,118179,149878
32,State - KERALA (32),Urban,Total,0-14,38090,21398,16692,192,121,71,37749,21188,16561
32,State - KERALA (32),Urban,Total,15-59,207781,112691,95090,51120,40910,10210,140573,60729,79844
32,State - KERALA (32),Urban,Total,60+,100330,44505,55825,7823,6267,1556,89061,35967,53094
32,State - KERALA (32),Urban,Total,Age not stated,767,360,407,64,48,16,674,295,379
32,State - KERALA (32),Urban,In-Seeing,Total,52104,24012,28092,10089,7964,2125,38681,14025,24656
32,State - KERALA (32),Urban,In-Seeing,0-14,4352,2349,2003,22,14,8,4306,2321,1985
32,State - KERALA (32),Urban,In-Seeing,15-59,23966,12206,11760,7917,6259,1658,13712,4521,9191
32,State - KERALA (32),Urban,In-Seeing,60+,23731,9431,14300,2136,1682,454,20625,7168,13457
32,State - KERALA (32),Urban,In-Seeing,Age not stated,55,26,29,14,9,5,38,15,23
32,State - KERALA (32),Urban,In-Hearing,Total,49256,22470,26786,10224,7808,2416,35763,12750,23013
32,State - KERALA (32),Urban,In-Hearing,0-14,6531,3448,3083,68,41,27,6423,3381,3042
32,State - KERALA (32),Urban,In-Hearing,15-59,25611,12081,13530,8617,6587,2030,14428,4030,10398
32,State - KERALA (32),Urban,In-Hearing,60+,17036,6912,10124,1525,1170,355,14854,5321,9533
32,State - KERALA (32),Urban,In-Hearing,Age not stated,78,29,49,14,10,4,58,18,40
32,State - KERALA (32),Urban,In-Speech,Total,18812,10052,8760,4254,3441,813,13276,5730,7546
32,State - KERALA (32),Urban,In-Speech,0-14,3314,1942,1372,12,6,6,3291,1931,1360
32,State - KERALA (32),Urban,In-Speech,15-59,12464,6517,5947,3876,3138,738,7440,2586,4854
32,State - KERALA (32),Urban,In-Speech,60+,2996,1578,1418,361,294,67,2512,1201,1311
32,State - KERALA (32),Urban,In-Speech,Age not stated,38,15,23,5,3,2,33,12,21
32,State - KERALA (32),Urban,In-Movement,Total,78333,45383,32950,17718,14600,3118,55971,27313,28658
32,State - KERALA (32),Urban,In-Movement,0-14,4430,2609,1821,22,17,5,4396,2585,1811
32,State - KERALA (32),Urban,In-Movement,15-59,47721,29034,18687,15764,12925,2839,28078,13221,14857
32,State - KERALA (32),Urban,In-Movement,60+,26108,13697,12411,1924,1650,274,23436,11475,11961
32,State - KERALA (32),Urban,Mental-Retardation,Total,30539,16688,13851,1096,908,188,28696,15204,13492
32,State - KERALA (32),Urban,Mental-Retardation,0-14,5532,3262,2270,13,12,1,5506,3241,2265
32,State - KERALA (32),Urban,Mental-Retardation,15-59,23298,12693,10605,1017,851,166,21586,11295,10291
32,State - KERALA (32),Urban,Mental-Retardation,60+,1661,702,959,66,45,21,1559,640,919
32,State - KERALA (32),Urban,Mental-Illness,Total,29483,14878,14605,2269,1889,380,25590,11726,13864
32,State - KERALA (32),Urban,Mental-Illness,15-59,22790,12426,10364,2046,1720,326,19266,9549,9717
32,State - KERALA (32),Urban,Mental-Illness,60+,6129,2226,3903,217,163,54,5770,1961,3809
32,State - KERALA (32),Urban,Any-Other,Total,43780,22410,21370,9560,7410,2150,31002,12901,18101
32,State - KERALA (32),Urban,Any-Other,0-14,7088,3869,3219,40,24,16,7010,3823,3187
32,State - KERALA (32),Urban,Any-Other,15-59,26632,13852,12780,8448,6533,1915,15502,5559,9943
32,State - KERALA (32),Urban,Any-Other,60+,9942,4628,5314,1057,842,215,8394,3473,4921
32,State - KERALA (32),Urban,Any-Other,Age not stated,118,61,57,15,11,4,96,46,50
32,State - KERALA (32),Urban,Multiple-Disability,Total,44661,23061,21600,3989,3326,663,39078,18530,20548
32,State - KERALA (32),Urban,Multiple-Disability,0-14,6506,3742,2764,13,5,8,6483,3732,2751
32,State - KERALA (32),Urban,Multiple-Disability,15-59,25299,13882,11417,3435,2897,538,20561,9968,10593
32,State - KERALA (32),Urban,Multiple-Disability,60+,12727,5331,7396,537,421,116,11911,4728,7183
32,State - KERALA (32),Urban,Multiple-Disability,Age not stated,129,106,23,4,3,1,123,102,21
33,State - TAMIL NADU (33),Total,Total,Total,1179963,657418,522545,355910,258548,97362,737931,348423,389508
33,State - TAMIL NADU (33),Total,Total,0-14,189852,106249,83603,2664,1540,1124,184580,103329,81251
33,State - TAMIL NADU (33),Total,Total,15-59,798311,446540,351771,308464,224042,84422,419098,181136,237962
33,State - TAMIL NADU (33),Total,Total,60+,190254,103840,86414,44501,32770,11731,133090,63419,69671
33,State - TAMIL NADU (33),Total,Total,Age not stated,1546,789,757,281,196,85,1163,539,624
33,State - TAMIL NADU (33),Total,In-Seeing,Total,127405,67744,59661,39168,27908,11260,78245,34231,44014
33,State - TAMIL NADU (33),Total,In-Seeing,0-14,16736,9047,7689,259,145,114,16207,8758,7449
33,State - TAMIL NADU (33),Total,In-Seeing,15-59,77229,42116,35113,31758,22702,9056,38043,15255,22788
33,State - TAMIL NADU (33),Total,In-Seeing,60+,33315,16516,16799,7120,5038,2082,23909,10181,13728
33,State - TAMIL NADU (33),Total,In-Seeing,Age not stated,125,65,60,31,23,8,86,37,49
33,State - TAMIL NADU (33),Total,In-Hearing,Total,220241,109879,110362,78825,53256,25569,120383,45724,74659
33,State - TAMIL NADU (33),Total,In-Hearing,0-14,35373,18351,17022,652,358,294,33929,17598,16331
33,State - TAMIL NADU (33),Total,In-Hearing,15-59,139010,69013,69997,65449,44016,21433,57020,16529,40491
33,State - TAMIL NADU (33),Total,In-Hearing,60+,45590,22393,23197,12657,8836,3821,29258,11532,17726
33,State - TAMIL NADU (33),Total,In-Hearing,Age not stated,268,122,146,67,46,21,176,65,111
33,State - TAMIL NADU (33),Total,In-Speech,Total,80077,44512,35565,26239,18585,7654,47850,22457,25393
33,State - TAMIL NADU (33),Total,In-Speech,0-14,16236,9552,6684,255,132,123,15812,9317,6495
33,State - TAMIL NADU (33),Total,In-Speech,15-59,56446,30783,25663,23721,16807,6914,27483,10976,16507
33,State - TAMIL NADU (33),Total,In-Speech,60+,7311,4128,3183,2241,1627,614,4496,2136,2360
33,State - TAMIL NADU (33),Total,In-Speech,Age not stated,84,49,35,22,19,3,59,28,31
33,State - TAMIL NADU (33),Total,In-Movement,Total,287241,177476,109765,101636,79827,21809,167374,85220,82154
33,State - TAMIL NADU (33),Total,In-Movement,0-14,23464,14357,9107,223,153,70,23087,14122,8965
33,State - TAMIL NADU (33),Total,In-Movement,15-59,210000,129810,80190,90723,70932,19791,103690,48299,55391
33,State - TAMIL NADU (33),Total,In-Movement,60+,53602,33214,20388,10653,8720,1933,40473,22734,17739
33,State - TAMIL NADU (33),Total,In-Movement,Age not stated,175,95,80,37,22,15,124,65,59
33,State - TAMIL NADU (33),Total,Mental-Retardation,Total,100847,55854,44993,9212,6433,2779,88658,47663,40995
33,State - TAMIL NADU (33),Total,Mental-Retardation,0-14,28748,16736,12012,222,127,95,28375,16526,11849
33,State - TAMIL NADU (33),Total,Mental-Retardation,15-59,68067,37090,30977,8251,5772,2479,57224,29768,27456
33,State - TAMIL NADU (33),Total,Mental-Retardation,60+,3851,1936,1915,726,527,199,2895,1286,1609
33,State - TAMIL NADU (33),Total,Mental-Retardation,Age not stated,181,92,89,13,7,6,164,83,81
33,State - TAMIL NADU (33),Total,Mental-Illness,Total,32964,17707,15257,3232,2181,1051,28484,14770,13714
33,State - TAMIL NADU (33),Total,Mental-Illness,0-14,1213,696,517,20,12,8,1184,679,505
33,State - TAMIL NADU (33),Total,Mental-Illness,15-59,27414,15005,12409,2888,1970,918,23416,12358,11058
33,State - TAMIL NADU (33),Total,Mental-Illness,60+,4204,1938,2266,323,198,125,3752,1666,2086
33,State - TAMIL NADU (33),Total,Any-Other,Total,238392,131150,107242,81668,58693,22975,134275,59542,74733
33,State - TAMIL NADU (33),Total,Any-Other,0-14,45110,24130,20980,864,515,349,43315,23123,20192
33,State - TAMIL NADU (33),Total,Any-Other,15-59,162019,89422,72597,71654,51547,20107,71626,27132,44494
33,State - TAMIL NADU (33),Total,Any-Other,60+,30773,17349,13424,9047,6558,2489,18993,9137,9856
33,State - TAMIL NADU (33),Total,Any-Other,Age not stated,490,249,241,103,73,30,341,150,191
33,State - TAMIL NADU (33),Total,Multiple-Disability,Total,92796,53096,39700,15930,11665,4265,72662,38816,33846
33,State - TAMIL NADU (33),Total,Multiple-Disability,0-14,22972,13380,9592,169,98,71,22671,13206,9465
33,State - TAMIL NADU (33),Total,Multiple-Disability,15-59,58126,33301,24825,14020,10296,3724,40596,20819,19777
33,State - TAMIL NADU (33),Total,Multiple-Disability,60+,11608,6366,5242,1734,1266,468,9314,4747,4567
33,State - TAMIL NADU (33),Total,Multiple-Disability,Age not stated,90,49,41,7,5,2,81,44,37
33,State - TAMIL NADU (33),Rural,Total,Total,621745,346846,274899,187002,128634,58368,377915,185893,192022
33,State - TAMIL NADU (33),Rural,Total,0-14,102791,57679,45112,1437,830,607,100160,56232,43928
33,State - TAMIL NADU (33),Rural,Total,15-59,408941,229248,179693,157650,107909,49741,204917,95126,109791
33,State - TAMIL NADU (33),Rural,Total,60+,109183,59502,49681,27785,19814,7971,72189,34223,37966
33,State - TAMIL NADU (33),Rural,Total,Age not stated,830,417,413,130,81,49,649,312,337
33,State - TAMIL NADU (33),Rural,In-Seeing,Total,71650,37833,33817,21791,14580,7211,42744,19435,23309
33,State - TAMIL NADU (33),Rural,In-Seeing,0-14,8894,4830,4064,131,66,65,8628,4696,3932
33,State - TAMIL NADU (33),Rural,In-Seeing,15-59,41294,22416,18878,16776,11179,5597,19343,8492,10851
33,State - TAMIL NADU (33),Rural,In-Seeing,60+,21400,10561,10839,4871,3326,1545,14729,6232,8497
33,State - TAMIL NADU (33),Rural,In-Seeing,Age not stated,62,26,36,13,9,4,44,15,29
33,State - TAMIL NADU (33),Rural,In-Hearing,Total,107621,53739,53882,41195,25487,15708,52949,21567,31382
33,State - TAMIL NADU (33),Rural,In-Hearing,0-14,16817,8779,8038,332,185,147,16150,8429,7721
33,State - TAMIL NADU (33),Rural,In-Hearing,15-59,65727,32624,33103,32949,19993,12956,22317,7549,14768
33,State - TAMIL NADU (33),Rural,In-Hearing,60+,24979,12283,12696,7887,5290,2597,14417,5558,8859
33,State - TAMIL NADU (33),Rural,In-Hearing,Age not stated,98,53,45,27,19,8,65,31,34
33,State - TAMIL NADU (33),Rural,In-Speech,Total,47160,26156,21004,15973,10702,5271,26727,12929,13798
33,State - TAMIL NADU (33),Rural,In-Speech,0-14,9804,5765,4039,157,93,64,9546,5610,3936
33,State - TAMIL NADU (33),Rural,In-Speech,15-59,33191,18027,15164,14349,9586,4763,14906,6247,8659
33,State - TAMIL NADU (33),Rural,In-Speech,60+,4113,2337,1776,1455,1014,441,2237,1055,1182
33,State - TAMIL NADU (33),Rural,In-Speech,Age not stated,52,27,25,12,9,3,38,17,21
33,State - TAMIL NADU (33),Rural,In-Movement,Total,158624,98242,60382,52796,40484,12312,93242,49349,43893
33,State - TAMIL NADU (33),Rural,In-Movement,0-14,14285,8719,5566,149,99,50,14035,8569,5466
33,State - TAMIL NADU (33),Rural,In-Movement,15-59,112663,70039,42624,45995,35062,10933,56038,27913,28125
33,State - TAMIL NADU (33),Rural,In-Movement,60+,31576,19431,12145,6631,5312,1319,23101,12831,10270
33,State - TAMIL NADU (33),Rural,In-Movement,Age not stated,100,53,47,21,11,10,68,36,32
33,State - TAMIL NADU (33),Rural,Mental-Retardation,Total,52522,28518,24004,5384,3495,1889,45117,23870,21247
33,State - TAMIL NADU (33),Rural,Mental-Retardation,0-14,15942,9117,6825,138,78,60,15731,8999,6732
33,State - TAMIL NADU (33),Rural,Mental-Retardation,15-59,34504,18339,16165,4784,3093,1691,27929,14220,13709
33,State - TAMIL NADU (33),Rural,Mental-Retardation,60+,1953,1005,948,452,320,132,1345,598,747
33,State - TAMIL NADU (33),Rural,Mental-Retardation,Age not stated,123,57,66,10,4,6,112,53,59
33,State - TAMIL NADU (33),Rural,Mental-Illness,Total,17344,9009,8335,2008,1289,719,14469,7229,7240
33,State - TAMIL NADU (33),Rural,Mental-Illness,0-14,630,357,273,11,8,3,614,346,268
33,State - TAMIL NADU (33),Rural,Mental-Illness,15-59,14370,7578,6792,1788,1146,642,11806,5995,5811
33,State - TAMIL NADU (33),Rural,Mental-Illness,60+,2240,1025,1215,208,134,74,1946,840,1106
33,State - TAMIL NADU (33),Rural,Any-Other,Total,113844,63088,50756,38955,26397,12558,61381,29119,32262
33,State - TAMIL NADU (33),Rural,Any-Other,0-14,22686,12154,10532,416,240,176,21899,11735,10164
33,State - TAMIL NADU (33),Rural,Any-Other,15-59,75046,41778,33268,33334,22518,10816,30416,12964,17452
33,State - TAMIL NADU (33),Rural,Any-Other,60+,15876,9037,6839,5163,3614,1549,8896,4338,4558
33,State - TAMIL NADU (33),Rural,Any-Other,Age not stated,236,119,117,42,25,17,170,82,88
33,State - TAMIL NADU (33),Rural,Multiple-Disability,Total,52980,30261,22719,8900,6200,2700,41286,22395,18891
33,State - TAMIL NADU (33),Rural,Multiple-Disability,0-14,13733,7958,5775,103,61,42,13557,7848,5709
33,State - TAMIL NADU (33),Rural,Multiple-Disability,15-59,32146,18447,13699,7675,5332,2343,22162,11746,10416
33,State - TAMIL NADU (33),Rural,Multiple-Disability,60+,7046,3823,3223,1118,804,314,5518,2771,2747
33,State - TAMIL NADU (33),Rural,Multiple-Disability,Age not stated,55,33,22,4,3,1,49,30,19
33,State - TAMIL NADU (33),Urban,Total,Total,558218,310572,247646,168908,129914,38994,360016,162530,197486
33,State - TAMIL NADU (33),Urban,Total,0-14,87061,48570,38491,1227,710,517,84420,47097,37323
33,State - TAMIL NADU (33),Urban,Total,15-59,389370,217292,172078,150814,116133,34681,214181,86010,128171
33,State - TAMIL NADU (33),Urban,Total,60+,81071,44338,36733,16716,12956,3760,60901,29196,31705
33,State - TAMIL NADU (33),Urban,Total,Age not stated,716,372,344,151,115,36,514,227,287
33,State - TAMIL NADU (33),Urban,In-Seeing,Total,55755,29911,25844,17377,13328,4049,35501,14796,20705
33,State - TAMIL NADU (33),Urban,In-Seeing,0-14,7842,4217,3625,128,79,49,7579,4062,3517
33,State - TAMIL NADU (33),Urban,In-Seeing,15-59,35935,19700,16235,14982,11523,3459,18700,6763,11937
33,State - TAMIL NADU (33),Urban,In-Seeing,60+,11915,5955,5960,2249,1712,537,9180,3949,5231
33,State - TAMIL NADU (33),Urban,In-Seeing,Age not stated,63,39,24,18,14,4,42,22,20
33,State - TAMIL NADU (33),Urban,In-Hearing,Total,112620,56140,56480,37630,27769,9861,67434,24157,43277
33,State - TAMIL NADU (33),Urban,In-Hearing,0-14,18556,9572,8984,320,173,147,17779,9169,8610
33,State - TAMIL NADU (33),Urban,In-Hearing,15-59,73283,36389,36894,32500,24023,8477,34703,8980,25723
33,State - TAMIL NADU (33),Urban,In-Hearing,60+,20611,10110,10501,4770,3546,1224,14841,5974,8867
33,State - TAMIL NADU (33),Urban,In-Hearing,Age not stated,170,69,101,40,27,13,111,34,77
33,State - TAMIL NADU (33),Urban,In-Speech,Total,32917,18356,14561,10266,7883,2383,21123,9528,11595
33,State - TAMIL NADU (33),Urban,In-Speech,0-14,6432,3787,2645,98,39,59,6266,3707,2559
33,State - TAMIL NADU (33),Urban,In-Speech,15-59,23255,12756,10499,9372,7221,2151,12577,4729,7848
33,State - TAMIL NADU (33),Urban,In-Speech,60+,3198,1791,1407,786,613,173,2259,1081,1178
33,State - TAMIL NADU (33),Urban,In-Movement,Total,128617,79234,49383,48840,39343,9497,74132,35871,38261
33,State - TAMIL NADU (33),Urban,In-Movement,0-14,9179,5638,3541,74,54,20,9052,5553,3499
33,State - TAMIL NADU (33),Urban,In-Movement,15-59,97337,59771,37566,44728,35870,8858,47652,20386,27266
33,State - TAMIL NADU (33),Urban,In-Movement,60+,22026,13783,8243,4022,3408,614,17372,9903,7469
33,State - TAMIL NADU (33),Urban,In-Movement,Age not stated,75,42,33,16,11,5,56,29,27
33,State - TAMIL NADU (33),Urban,Mental-Retardation,Total,48325,27336,20989,3828,2938,890,43541,23793,19748
33,State - TAMIL NADU (33),Urban,Mental-Retardation,0-14,12806,7619,5187,84,49,35,12644,7527,5117
33,State - TAMIL NADU (33),Urban,Mental-Retardation,15-59,33563,18751,14812,3467,2679,788,29295,15548,13747
33,State - TAMIL NADU (33),Urban,Mental-Retardation,60+,1898,931,967,274,207,67,1550,688,862
33,State - TAMIL NADU (33),Urban,Mental-Illness,Total,15620,8698,6922,1224,892,332,14015,7541,6474
33,State - TAMIL NADU (33),Urban,Mental-Illness,0-14,583,339,244,9,4,5,570,333,237
33,State - TAMIL NADU (33),Urban,Mental-Illness,15-59,13044,7427,5617,1100,824,276,11610,6363,5247
33,State - TAMIL NADU (33),Urban,Mental-Illness,60+,1964,913,1051,115,64,51,1806,826,980
33,State - TAMIL NADU (33),Urban,Any-Other,Total,124548,68062,56486,42713,32296,10417,72894,30423,42471
33,State - TAMIL NADU (33),Urban,Any-Other,0-14,22424,11976,10448,448,275,173,21416,11388,10028
33,State - TAMIL NADU (33),Urban,Any-Other,15-59,86973,47644,39329,38320,29029,9291,41210,14168,27042
33,State - TAMIL NADU (33),Urban,Any-Other,60+,14897,8312,6585,3884,2944,940,10097,4799,5298
33,State - TAMIL NADU (33),Urban,Any-Other,Age not stated,254,130,124,61,48,13,171,68,103
33,State - TAMIL NADU (33),Urban,Multiple-Disability,Total,39816,22835,16981,7030,5465,1565,31376,16421,14955
33,State - TAMIL NADU (33),Urban,Multiple-Disability,0-14,9239,5422,3817,66,37,29,9114,5358,3756
33,State - TAMIL NADU (33),Urban,Multiple-Disability,15-59,25980,14854,11126,6345,4964,1381,18434,9073,9361
33,State - TAMIL NADU (33),Urban,Multiple-Disability,60+,4562,2543,2019,616,462,154,3796,1976,1820
33,State - TAMIL NADU (33),Urban,Multiple-Disability,Age not stated,35,16,19,3,2,1,32,14,18
34,State - PUDUCHERRY (34),Total,Total,Total,30189,16373,13816,8050,6406,1644,20831,9122,11709
34,State - PUDUCHERRY (34),Total,Total,0-14,3767,2136,1631,33,22,11,3713,2102,1611
34,State - PUDUCHERRY (34),Total,Total,15-59,19806,11020,8786,7253,5795,1458,11459,4510,6949
34,State - PUDUCHERRY (34),Total,Total,60+,6585,3201,3384,761,587,174,5632,2497,3135
34,State - PUDUCHERRY (34),Total,Total,Age not stated,31,16,15,3,2,1,27,13,14
34,State - PUDUCHERRY (34),Total,In-Seeing,Total,3608,1841,1767,940,740,200,2484,989,1495
34,State - PUDUCHERRY (34),Total,In-Seeing,15-59,2090,1132,958,811,644,167,1134,394,740
34,State - PUDUCHERRY (34),Total,In-Seeing,60+,1172,521,651,127,94,33,1010,411,599
34,State - PUDUCHERRY (34),Total,In-Hearing,Total,6152,2959,3193,1852,1440,412,3964,1326,2638
34,State - PUDUCHERRY (34),Total,In-Hearing,0-14,690,364,326,10,9,1,674,353,321
34,State - PUDUCHERRY (34),Total,In-Hearing,15-59,3642,1817,1825,1610,1262,348,1770,407,1363
34,State - PUDUCHERRY (34),Total,In-Hearing,60+,1815,775,1040,232,169,63,1516,564,952
34,State - PUDUCHERRY (34),Total,In-Speech,Total,1824,958,866,524,419,105,1221,484,737
34,State - PUDUCHERRY (34),Total,In-Speech,0-14,314,160,154,5,2,3,307,156,151
34,State - PUDUCHERRY (34),Total,In-Speech,15-59,1326,708,618,494,398,96,763,263,500
34,State - PUDUCHERRY (34),Total,In-Speech,60+,182,89,93,25,19,6,149,64,85
34,State - PUDUCHERRY (34),Total,In-Movement,Total,9054,5464,3590,2918,2402,516,5770,2786,2984
34,State - PUDUCHERRY (34),Total,In-Movement,0-14,570,345,225,3,2,1,566,342,224
34,State - PUDUCHERRY (34),Total,In-Movement,15-59,6307,3899,2408,2670,2195,475,3317,1462,1855
34,State - PUDUCHERRY (34),Total,In-Movement,60+,2171,1217,954,244,204,40,1882,980,902
34,State - PUDUCHERRY (34),Total,Mental-Retardation,Total,2335,1285,1050,131,97,34,2177,1167,1010
34,State - PUDUCHERRY (34),Total,Mental-Retardation,15-59,1577,851,726,120,89,31,1431,742,689
34,State - PUDUCHERRY (34),Total,Mental-Retardation,60+,116,44,72,11,8,3,105,36,69
34,State - PUDUCHERRY (34),Total,Mental-Illness,Total,853,450,403,76,59,17,746,369,377
34,State - PUDUCHERRY (34),Total,Mental-Illness,15-59,713,389,324,69,54,15,616,314,302
34,State - PUDUCHERRY (34),Total,Mental-Illness,60+,110,48,62,7,5,2,100,42,58
34,State - PUDUCHERRY (34),Total,Any-Other,Total,4137,2195,1942,1315,1005,310,2591,1060,1531
34,State - PUDUCHERRY (34),Total,Any-Other,0-14,783,430,353,12,7,5,765,419,346
34,State - PUDUCHERRY (34),Total,Any-Other,15-59,2759,1458,1301,1210,927,283,1347,415,932
34,State - PUDUCHERRY (34),Total,Any-Other,60+,585,301,284,91,70,21,471,221,250
34,State - PUDUCHERRY (34),Total,Any-Other,Age not stated,10,6,4,2,1,1,8,5,3
34,State - PUDUCHERRY (34),Total,Multiple-Disability,Total,2226,1221,1005,294,244,50,1878,941,937
34,State - PUDUCHERRY (34),Total,Multiple-Disability,15-59,1392,766,626,269,226,43,1081,513,568
34,State - PUDUCHERRY (34),Total,Multiple-Disability,60+,434,206,228,24,18,6,399,179,220
34,State - PUDUCHERRY (34),Rural,Total,Total,10581,5880,4701,2792,2210,582,7036,3191,3845
34,State - PUDUCHERRY (34),Rural,Total,0-14,1314,737,577,10,9,1,1296,723,573
34,State - PUDUCHERRY (34),Rural,Total,15-59,6993,3966,3027,2472,1962,510,3887,1599,2288
34,State - PUDUCHERRY (34),Rural,Total,60+,2262,1171,1091,309,239,70,1843,864,979
34,State - PUDUCHERRY (34),Rural,In-Seeing,Total,1349,672,677,320,254,66,915,352,563
34,State - PUDUCHERRY (34),Rural,In-Seeing,15-59,779,409,370,272,214,58,420,143,277
34,State - PUDUCHERRY (34),Rural,In-Seeing,60+,435,196,239,48,40,8,362,143,219
34,State - PUDUCHERRY (34),Rural,In-Hearing,Total,2229,1098,1131,692,525,167,1332,455,877
34,State - PUDUCHERRY (34),Rural,In-Hearing,15-59,1368,698,670,594,456,138,608,146,462
34,State - PUDUCHERRY (34),Rural,In-Hearing,60+,621,272,349,95,66,29,490,186,304
34,State - PUDUCHERRY (34),Rural,In-Speech,Total,611,339,272,158,125,33,410,185,225
34,State - PUDUCHERRY (34),Rural,In-Speech,15-59,454,254,200,155,122,33,262,107,155
34,State - PUDUCHERRY (34),Rural,In-Movement,Total,3208,2006,1202,984,823,161,2021,1029,992
34,State - PUDUCHERRY (34),Rural,In-Movement,15-59,2250,1418,832,878,735,143,1197,553,644
34,State - PUDUCHERRY (34),Rural,In-Movement,60+,755,465,290,104,86,18,624,356,268
34,State - PUDUCHERRY (34),Rural,Mental-Retardation,Total,649,363,286,41,32,9,597,322,275
34,State - PUDUCHERRY (34),Rural,Mental-Retardation,15-59,436,234,202,37,30,7,389,196,193
34,State - PUDUCHERRY (34),Rural,Mental-Retardation,60+,19,10,9,4,2,2,15,8,7
34,State - PUDUCHERRY (34),Rural,Mental-Illness,Total,255,138,117,24,19,5,218,112,106
34,State - PUDUCHERRY (34),Rural,Mental-Illness,15-59,214,123,91,20,16,4,183,100,83
34,State - PUDUCHERRY (34),Rural,Mental-Illness,60+,31,12,19,4,3,1,25,9,16
34,State - PUDUCHERRY (34),Rural,Any-Other,Total,1558,846,712,479,354,125,944,415,529
34,State - PUDUCHERRY (34),Rural,Any-Other,0-14,318,176,142,5,4,1,313,172,141
34,State - PUDUCHERRY (34),Rural,Any-Other,15-59,1021,555,466,429,316,113,466,166,300
34,State - PUDUCHERRY (34),Rural,Any-Other,60+,216,114,102,44,34,10,163,76,87
34,State - PUDUCHERRY (34),Rural,Multiple-Disability,Total,722,418,304,94,78,16,599,321,278
34,State - PUDUCHERRY (34),Rural,Multiple-Disability,15-59,471,275,196,87,73,14,362,188,174
34,State - PUDUCHERRY (34),Rural,Multiple-Disability,60+,131,70,61,7,5,2,118,60,58
34,State - PUDUCHERRY (34),Urban,Total,Total,19608,10493,9115,5258,4196,1062,13795,5931,7864
34,State - PUDUCHERRY (34),Urban,Total,0-14,2453,1399,1054,23,13,10,2417,1379,1038
34,State - PUDUCHERRY (34),Urban,Total,15-59,12813,7054,5759,4781,3833,948,7572,2911,4661
34,State - PUDUCHERRY (34),Urban,Total,60+,4323,2030,2293,452,348,104,3789,1633,2156
34,State - PUDUCHERRY (34),Urban,In-Seeing,Total,2259,1169,1090,620,486,134,1569,637,932
34,State - PUDUCHERRY (34),Urban,In-Seeing,15-59,1311,723,588,539,430,109,714,251,463
34,State - PUDUCHERRY (34),Urban,In-Seeing,60+,737,325,412,79,54,25,648,268,380
34,State - PUDUCHERRY (34),Urban,In-Hearing,Total,3923,1861,2062,1160,915,245,2632,871,1761
34,State - PUDUCHERRY (34),Urban,In-Hearing,0-14,453,239,214,7,6,1,442,232,210
34,State - PUDUCHERRY (34),Urban,In-Hearing,15-59,2274,1119,1155,1016,806,210,1162,261,901
34,State - PUDUCHERRY (34),Urban,In-Hearing,60+,1194,503,691,137,103,34,1026,378,648
34,State - PUDUCHERRY (34),Urban,In-Speech,Total,1213,619,594,366,294,72,811,299,512
34,State - PUDUCHERRY (34),Urban,In-Speech,0-14,212,107,105,5,2,3,206,104,102
34,State - PUDUCHERRY (34),Urban,In-Speech,15-59,872,454,418,339,276,63,501,156,345
34,State - PUDUCHERRY (34),Urban,In-Speech,60+,128,57,71,22,16,6,103,38,65
34,State - PUDUCHERRY (34),Urban,In-Movement,Total,5846,3458,2388,1934,1579,355,3749,1757,1992
34,State - PUDUCHERRY (34),Urban,In-Movement,15-59,4057,2481,1576,1792,1460,332,2120,909,1211
34,State - PUDUCHERRY (34),Urban,In-Movement,60+,1416,752,664,140,118,22,1258,624,634
34,State - PUDUCHERRY (34),Urban,Mental-Retardation,Total,1686,922,764,90,65,25,1580,845,735
34,State - PUDUCHERRY (34),Urban,Mental-Retardation,15-59,1141,617,524,83,59,24,1042,546,496
34,State - PUDUCHERRY (34),Urban,Mental-Retardation,60+,97,34,63,7,6,1,90,28,62
34,State - PUDUCHERRY (34),Urban,Mental-Illness,Total,598,312,286,52,40,12,528,257,271
34,State - PUDUCHERRY (34),Urban,Mental-Illness,15-59,499,266,233,49,38,11,433,214,219
34,State - PUDUCHERRY (34),Urban,Mental-Illness,60+,79,36,43,3,2,1,75,33,42
34,State - PUDUCHERRY (34),Urban,Any-Other,Total,2579,1349,1230,836,651,185,1647,645,1002
34,State - PUDUCHERRY (34),Urban,Any-Other,0-14,465,254,211,7,3,4,452,247,205
34,State - PUDUCHERRY (34),Urban,Any-Other,15-59,1738,903,835,781,611,170,881,249,632
34,State - PUDUCHERRY (34),Urban,Any-Other,60+,369,187,182,47,36,11,308,145,163
34,State - PUDUCHERRY (34),Urban,Multiple-Disability,Total,1504,803,701,200,166,34,1279,620,659
34,State - PUDUCHERRY (34),Urban,Multiple-Disability,15-59,921,491,430,182,153,29,719,325,394
34,State - PUDUCHERRY (34),Urban,Multiple-Disability,60+,303,136,167,17,13,4,281,119,162
35,State - ANDAMAN & NICOBAR ISLANDS (35),Total,Total,Total,6660,3861,2799,1680,1418,262,4563,2160,2403
35,State - ANDAMAN & NICOBAR ISLANDS (35),Total,Total,0-14,1037,572,465,10,6,4,1011,557,454
35,State - ANDAMAN & NICOBAR ISLANDS (35),Total,Total,15-59,4140,2403,1737,1506,1267,239,2288,903,1385
35,State - ANDAMAN & NICOBAR ISLANDS (35),Total,Total,60+,1480,884,596,163,145,18,1262,698,564
35,State - ANDAMAN & NICOBAR ISLANDS (35),Total,In-Seeing,Total,1084,598,486,287,236,51,725,314,411
35,State - ANDAMAN & NICOBAR ISLANDS (35),Total,In-Seeing,15-59,618,341,277,250,204,46,309,97,212
35,State - ANDAMAN & NICOBAR ISLANDS (35),Total,In-Seeing,60+,373,209,164,35,30,5,328,172,156
35,State - ANDAMAN & NICOBAR ISLANDS (35),Total,In-Hearing,Total,1219,664,555,374,314,60,716,270,446
35,State - ANDAMAN & NICOBAR ISLANDS (35),Total,In-Hearing,0-14,156,75,81,4,2,2,144,70,74
35,State - ANDAMAN & NICOBAR ISLANDS (35),Total,In-Hearing,15-59,732,396,336,317,265,52,313,70,243
35,State - ANDAMAN & NICOBAR ISLANDS (35),Total,In-Hearing,60+,331,193,138,53,47,6,259,130,129
35,State - ANDAMAN & NICOBAR ISLANDS (35),Total,In-Speech,Total,531,316,215,135,115,20,360,174,186
35,State - ANDAMAN & NICOBAR ISLANDS (35),Total,In-Speech,15-59,346,206,140,123,106,17,190,76,114
35,State - ANDAMAN & NICOBAR ISLANDS (35),Total,In-Speech,60+,43,25,18,11,9,2,31,15,16
35,State - ANDAMAN & NICOBAR ISLANDS (35),Total,In-Movement,Total,1593,1043,550,507,435,72,1003,543,460
35,State - ANDAMAN & NICOBAR ISLANDS (35),Total,In-Movement,15-59,1051,694,357,474,405,69,504,230,274
35,State - ANDAMAN & NICOBAR ISLANDS (35),Total,In-Movement,60+,385,251,134,31,29,2,344,216,128
35,State - ANDAMAN & NICOBAR ISLANDS (35),Total,Mental-Retardation,Total,294,160,134,29,21,8,255,133,122
35,State - ANDAMAN & NICOBAR ISLANDS (35),Total,Mental-Retardation,15-59,213,113,100,29,21,8,174,86,88
35,State - ANDAMAN & NICOBAR ISLANDS (35),Total,Mental-Illness,Total,364,163,201,29,21,8,325,138,187
35,State - ANDAMAN & NICOBAR ISLANDS (35),Total,Mental-Illness,15-59,292,135,157,25,18,7,260,114,146
35,State - ANDAMAN & NICOBAR ISLANDS (35),Total,Any-Other,Total,838,490,348,237,203,34,550,253,297
35,State - ANDAMAN & NICOBAR ISLANDS (35),Total,Any-Other,15-59,539,321,218,223,191,32,272,101,171
35,State - ANDAMAN & NICOBAR ISLANDS (35),Total,Any-Other,60+,81,51,30,14,12,2,62,36,26
35,State - ANDAMAN & NICOBAR ISLANDS (35),Total,Multiple-Disability,Total,737,427,310,82,73,9,629,335,294
35,State - ANDAMAN & NICOBAR ISLANDS (35),Total,Multiple-Disability,15-59,349,197,152,65,57,8,266,129,137
35,State - ANDAMAN & NICOBAR ISLANDS (35),Total,Multiple-Disability,60+,215,133,82,16,15,1,192,111,81
35,State - ANDAMAN & NICOBAR ISLANDS (35),Rural,Total,Total,4880,2834,2046,1155,985,170,3369,1609,1760
35,State - ANDAMAN & NICOBAR ISLANDS (35),Rural,Total,0-14,703,397,306,6,4,2,683,386,297
35,State - ANDAMAN & NICOBAR ISLANDS (35),Rural,Total,15-59,2899,1677,1222,1002,853,149,1606,628,978
35,State - ANDAMAN & NICOBAR ISLANDS (35),Rural,Total,60+,1275,758,517,146,128,18,1078,593,485
35,State - ANDAMAN & NICOBAR ISLANDS (35),Rural,In-Seeing,Total,919,511,408,236,196,40,616,271,345
35,State - ANDAMAN & NICOBAR ISLANDS (35),Rural,In-Seeing,15-59,511,284,227,201,166,35,256,82,174
35,State - ANDAMAN & NICOBAR ISLANDS (35),Rural,In-Seeing,60+,343,191,152,33,28,5,300,156,144
35,State - ANDAMAN & NICOBAR ISLANDS (35),Rural,In-Hearing,Total,834,464,370,239,205,34,488,192,296
35,State - ANDAMAN & NICOBAR ISLANDS (35),Rural,In-Hearing,0-14,89,48,41,2,1,1,80,45,35
35,State - ANDAMAN & NICOBAR ISLANDS (35),Rural,In-Hearing,15-59,464,250,214,187,160,27,194,39,155
35,State - ANDAMAN & NICOBAR ISLANDS (35),Rural,In-Hearing,60+,281,166,115,50,44,6,214,108,106
35,State - ANDAMAN & NICOBAR ISLANDS (35),Rural,In-Speech,Total,362,216,146,81,72,9,253,124,129
35,State - ANDAMAN & NICOBAR ISLANDS (35),Rural,In-Speech,15-59,227,135,92,74,67,7,128,51,77
35,State - ANDAMAN & NICOBAR ISLANDS (35),Rural,In-Speech,60+,30,17,13,7,5,2,22,11,11
35,State - ANDAMAN & NICOBAR ISLANDS (35),Rural,In-Movement,Total,1195,776,419,349,303,46,774,417,357
35,State - ANDAMAN & NICOBAR ISLANDS (35),Rural,In-Movement,15-59,748,492,256,317,274,43,368,167,201
35,State - ANDAMAN & NICOBAR ISLANDS (35),Rural,In-Movement,60+,327,209,118,30,28,2,288,176,112
35,State - ANDAMAN & NICOBAR ISLANDS (35),Rural,Mental-Retardation,Total,189,107,82,16,11,5,163,90,73
35,State - ANDAMAN & NICOBAR ISLANDS (35),Rural,Mental-Retardation,15-59,141,77,64,16,11,5,115,60,55
35,State - ANDAMAN & NICOBAR ISLANDS (35),Rural,Mental-Illness,Total,264,107,157,23,15,8,232,89,143
35,State - ANDAMAN & NICOBAR ISLANDS (35),Rural,Mental-Illness,15-59,207,88,119,19,12,7,181,73,108
35,State - ANDAMAN & NICOBAR ISLANDS (35),Rural,Any-Other,Total,545,324,221,147,128,19,359,170,189
35,State - ANDAMAN & NICOBAR ISLANDS (35),Rural,Any-Other,15-59,340,207,133,138,121,17,169,64,105
35,State - ANDAMAN & NICOBAR ISLANDS (35),Rural,Any-Other,60+,58,34,24,9,7,2,44,24,20
35,State - ANDAMAN & NICOBAR ISLANDS (35),Rural,Multiple-Disability,Total,572,329,243,64,55,9,484,256,228
35,State - ANDAMAN & NICOBAR ISLANDS (35),Rural,Multiple-Disability,15-59,261,144,117,50,42,8,195,92,103
35,State - ANDAMAN & NICOBAR ISLANDS (35),Rural,Multiple-Disability,60+,198,125,73,14,13,1,177,105,72
35,State - ANDAMAN & NICOBAR ISLANDS (35),Urban,Total,Total,1780,1027,753,525,433,92,1194,551,643
35,State - ANDAMAN & NICOBAR ISLANDS (35),Urban,Total,0-14,334,175,159,4,2,2,328,171,157
35,State - ANDAMAN & NICOBAR ISLANDS (35),Urban,Total,15-59,1241,726,515,504,414,90,682,275,407
35,State - ANDAMAN & NICOBAR ISLANDS (35),Urban,In-Seeing,Total,165,87,78,51,40,11,109,43,66
35,State - ANDAMAN & NICOBAR ISLANDS (35),Urban,In-Seeing,15-59,107,57,50,49,38,11,53,15,38
35,State - ANDAMAN & NICOBAR ISLANDS (35),Urban,In-Hearing,Total,385,200,185,135,109,26,228,78,150
35,State - ANDAMAN & NICOBAR ISLANDS (35),Urban,In-Hearing,0-14,67,27,40,2,1,1,64,25,39
35,State - ANDAMAN & NICOBAR ISLANDS (35),Urban,In-Hearing,15-59,268,146,122,130,105,25,119,31,88
35,State - ANDAMAN & NICOBAR ISLANDS (35),Urban,In-Speech,Total,169,100,69,54,43,11,107,50,57
35,State - ANDAMAN & NICOBAR ISLANDS (35),Urban,In-Speech,15-59,119,71,48,49,39,10,62,25,37
35,State - ANDAMAN & NICOBAR ISLANDS (35),Urban,In-Movement,Total,398,267,131,158,132,26,229,126,103
35,State - ANDAMAN & NICOBAR ISLANDS (35),Urban,In-Movement,15-59,303,202,101,157,131,26,136,63,73
35,State - ANDAMAN & NICOBAR ISLANDS (35),Urban,Mental-Retardation,Total,105,53,52,13,10,3,92,43,49
35,State - ANDAMAN & NICOBAR ISLANDS (35),Urban,Mental-Retardation,15-59,72,36,36,13,10,3,59,26,33
35,State - ANDAMAN & NICOBAR ISLANDS (35),Urban,Any-Other,Total,293,166,127,90,75,15,191,83,108
35,State - ANDAMAN & NICOBAR ISLANDS (35),Urban,Any-Other,15-59,199,114,85,85,70,15,103,37,66
